258 20
C7H15NO3+H+ -19.628555 -87.80637 -59.573658 69.14312 104.18313 -110.301094 -19.984661 -222.68857 61.007492 -51.608753 -20.44531 -255.71368 24.553167 82.979675 -87.81801 -11.125859 -140.33165 5.897089 -7.2823386 156.05647
C24H50NO7P+H+ -36.136925 -62.51304 -49.68127 68.61195 71.03505 -78.17583 -3.4194593 -101.65933 42.17069 2.0202594 40.40868 -131.86774 22.67845 70.36128 -36.380814 1.5751368 -58.494534 -4.89789 -30.471956 129.62291
C8H20NO6P+H+ -35.03754 -51.258 -48.744915 64.97951 63.901535 -70.91256 9.519126 -77.54002 40.160286 24.865637 59.172234 -98.799995 10.325947 49.312347 -32.76117 3.847642 -26.89564 -1.9344895 -24.345087 94.15107
C9H17NO4+H+ 2.8516707 -56.82739 -24.280556 28.088871 43.942303 -53.62823 -30.766634 -150.79536 36.668793 -52.230835 -37.26216 -208.307 14.467299 46.350574 -77.12958 -12.864279 -93.33547 7.07738 -3.7257712 103.787796
C4H9N3O2+K+ -18.288317 -52.801727 -33.89353 46.16594 61.916992 -61.873074 -7.645917 -102.87407 34.214798 -9.475156 20.341919 -127.05015 19.325401 58.406113 -40.197468 -2.664207 -73.7594 -1.7358583 -15.233608 106.322075
C7H6O4+H+ -21.495543 -57.495544 -20.020758 42.06056 28.897476 -41.630516 -37.604107 -51.398197 39.339283 -22.88772 18.289192 -193.75487 22.456955 55.116646 -54.828243 -9.111952 -11.248547 -12.621983 -57.798695 143.43317
C7H6O4+Na+ -17.515055 -51.452755 -18.259424 35.15453 35.605724 -39.345474 -38.152546 -62.27209 35.672585 -44.1611 -11.735051 -180.51044 26.073814 62.63878 -41.82324 -9.908878 -41.08656 -10.386071 -44.005722 134.61691
C8H17NO2+H+ -22.365425 -55.064487 -57.399437 72.0537 87.17995 -73.01821 48.259617 -150.51836 40.77957 49.417645 69.0004 -91.973236 2.7319863 49.80084 -54.00442 15.247853 -29.30609 8.526708 0.8225038 50.835945
C10H11NO+Na+ -9.446036 -62.9104 -62.448322 71.39333 96.12318 -71.03292 38.297615 -199.9224 41.061695 23.386776 36.24215 -117.24715 -2.4363203 44.185898 -64.46469 9.551983 -71.962746 16.612263 20.594877 50.686077
C29H47NO4+Na+ -8.701901 -43.026455 -15.089858 20.778885 38.6214 -35.022655 -53.02559 -78.28376 27.227522 -86.36153 -69.85036 -165.179 31.084875 65.18505 -26.488823 -16.125948 -109.06112 -7.8678203 -18.952751 126.64512
C13H17NO3+Na+ -20.189848 -51.0067 -29.372059 50.629158 28.1082 -46.401012 -2.908471 -48.88195 36.620647 37.546062 78.48317 -140.2249 4.3765297 23.959503 -58.495235 -0.15048209 37.422077 -4.4307775 -48.307682 93.73265
C26H50NO7P+H+ 8.098382 -25.39522 1.0818937 12.789028 -14.670616 13.221779 -14.705444 -12.906375 21.919203 11.4500675 29.163153 -120.29736 -9.9626045 -4.084996 -60.646755 -3.0379252 78.66719 -1.4497471 -38.785328 37.518604
C10H15N5O10P2+H+ -15.870512 -43.55663 -11.175334 27.701946 19.122025 -32.31617 -35.63527 -28.826605 28.576416 -28.949474 2.824669 -147.80864 20.038141 42.887295 -35.764744 -10.206896 -15.373544 -11.373181 -45.0313 112.33954
C8H20NO6P+K+ -2.1700673 -34.06535 -11.359956 28.354115 -3.7312813 -14.154951 -4.883307 -13.878268 24.489252 40.02386 69.668755 -110.27423 -6.322277 -3.848341 -58.493114 -1.8025937 67.198906 -2.0477567 -42.124382 54.051296
C11H20N2O3+H+ -23.933458 -47.987637 -32.494205 46.63097 71.25643 -64.9234 -11.483306 -85.9174 32.43751 -27.939306 1.1290922 -135.72664 22.358086 65.66845 -35.07485 -5.32209 -65.70965 -5.5528927 -29.039663 129.73653
C22H22O7+H+ -19.295658 -59.14834 -46.03784 55.8877 48.829796 -76.65732 -7.4474034 -123.05118 46.51032 12.262929 46.830875 -183.73045 13.882306 42.105507 -76.0441 -3.230419 -31.67794 0.17778647 -30.358292 107.60396
C8H20NO6P+Na+ -19.418268 -50.29094 -28.012947 51.723694 20.04764 -38.14282 -0.16610144 -32.62592 36.643204 45.720142 86.6237 -134.61057 3.837914 24.693613 -60.6581 2.3392026 55.88427 -5.8743353 -56.643448 98.238014
C11H21NO4+H+ -0.64319336 -52.042553 -32.80646 34.249115 44.138813 -59.55644 -17.180222 -143.55731 35.027023 -36.72442 -24.215227 -170.6392 10.227033 36.407055 -66.50009 -10.686758 -83.844536 6.83667 0.339805 84.6285
C8H7NO+Na+ -32.378193 -36.948322 -38.22876 54.083977 77.49885 -53.405216 34.804573 -97.09496 29.544712 24.62211 42.479908 -50.584564 10.829788 58.957314 -14.094375 15.019489 -34.45296 0.33864287 -4.8551664 55.902187
C3H10NO4P+H+ -37.71211 -39.441536 -45.052094 62.21186 85.76414 -62.2105 43.51726 -103.51241 28.811007 31.977186 50.22986 -36.22047 11.16943 61.677185 -11.227589 17.404861 -36.41907 0.5723337 -3.9359033 56.497307
C11H8O5+H+ -18.93644 -47.474056 -11.351371 28.54217 19.970753 -33.15711 -52.450207 -24.979706 29.7886 -50.059044 -15.563535 -164.61302 29.312826 57.899197 -29.79762 -13.46126 -33.951485 -15.459074 -53.73281 142.57545
C10H14N5O7P+H+ 9.199451 -37.16241 10.123484 -1.1440961 -12.77828 -2.0313776 -69.9669 -22.705717 22.989256 -69.77758 -46.73219 -193.87883 16.854895 24.7165 -52.534004 -23.195063 -16.630636 -9.109148 -39.736427 97.650085
C14H10O6+H+ -6.756169 -44.828053 -9.57218 21.394075 14.082836 -27.98205 -50.89939 -45.08711 30.428822 -40.340992 -8.103021 -185.09933 21.091486 41.786247 -46.497345 -13.911623 -25.754564 -9.996903 -45.85305 123.58492
C18H35NO+H+ -40.290665 -37.972336 -43.91797 61.485744 86.039345 -62.36129 41.829597 -95.52633 28.918869 28.941244 47.600727 -31.2795 13.943108 67.46853 -5.694253 17.826967 -46.215824 -0.2672848 -2.9714532 61.043785
C10H16N4O3+H+ -30.175968 -53.0035 -42.895004 52.966545 67.45791 -77.33089 -16.42031 -97.910416 38.73942 -34.85917 -5.725137 -124.67713 35.99595 86.25608 -17.997894 -2.3413033 -120.16959 -5.5059643 -20.538715 148.82666
C28H46O4+Na+ -39.510124 -39.67912 -45.476337 62.46679 89.0217 -64.80656 41.8009 -104.065765 30.361544 30.894413 50.23508 -33.79234 14.014773 69.17807 -7.209137 18.431356 -44.921356 -0.032730386 -2.5573094 59.099255
C28H46O4+H+ -34.407257 -38.251976 -41.73621 57.463722 82.088905 -58.50895 37.55994 -102.449776 31.425886 32.13749 51.43915 -39.446175 12.834788 65.29093 -9.123576 17.7498 -44.442078 0.52391297 -2.508017 59.501484
C26H52NO7P+H+ -15.819757 -38.59093 -30.766853 38.962395 73.65921 -39.18331 3.4809556 -126.6599 24.145494 -31.369469 -25.355091 -89.461914 18.832031 63.24957 -17.61909 4.1008162 -88.57003 1.7286321 6.7274394 67.78179
C15H22N6O5S+H+ 8.688994 -66.16411 -28.261654 35.923203 23.304327 -46.672657 -47.981586 -120.43023 43.13728 -46.311413 -18.32663 -261.76392 15.687249 32.844906 -99.44936 -20.730644 -42.493736 -0.86920625 -37.280743 126.02925
C10H7NO3+H+ -73.62372 -84.203735 -112.77859 135.9989 176.27983 -169.60057 83.54076 -223.23279 61.442085 67.751 106.82253 -52.906036 28.403385 116.83561 -10.331436 29.098389 -148.7184 6.497619 8.094054 136.11514
C10H14O4S-H- -11.254729 -14.207082 -14.70207 20.204828 31.968227 -16.11284 10.458781 -45.608356 11.785664 1.6062729 5.6116123 -28.206972 5.929735 28.479061 -6.54396 6.3495493 -18.583363 -0.062347095 -1.2366252 23.995886
C10H7NO3+Na+ -64.65461 -70.06072 -97.66821 114.630226 149.49599 -148.22989 70.31439 -188.71887 51.49231 59.19357 92.09382 -51.059597 27.141699 105.68039 -20.63332 24.211304 -122.85491 5.004824 4.6886163 116.60596
C10H7NO3+K+ -73.64907 -60.1263 -99.14039 114.54875 124.22091 -135.58064 70.9448 -140.81245 42.70113 65.07736 93.62423 -0.51565087 21.642874 85.68066 3.0724034 24.707859 -101.12486 3.683364 6.4153805 90.426796
C13H9NO-H- -11.641323 -14.700855 -14.93842 20.693003 32.815895 -16.009706 10.380282 -47.23221 12.009599 0.576297 4.7229323 -32.35723 5.8609405 28.767845 -9.440647 5.8657427 -13.633736 -0.1259557 -3.0019917 24.126074
C31H42O3+Na+ -16.510757 -32.352425 -24.696522 34.544064 56.501987 -37.001446 12.180962 -91.17908 23.633404 -4.046877 6.9179497 -73.12755 9.663156 46.476093 -22.143702 5.9949923 -44.875698 1.460096 -0.268271 50.117153
C9H20N2O2+H+ -44.905563 -41.423958 -68.290886 81.05321 98.13818 -91.778625 68.34222 -126.267296 36.90924 74.618484 97.596214 -3.4686239 8.831663 64.05508 -15.845085 26.107811 -47.309143 6.346727 5.4294486 52.51903
C23H45NO4+H+ -29.241507 -28.460213 -41.25502 28.476374 95.32954 -84.68879 -28.577013 -123.000786 15.209315 -115.04695 -119.64302 -35.692574 53.800392 112.9872 46.752728 -6.7913156 -245.6905 -4.1662383 28.217285 124.76333
C13H22O4-H- -9.730492 -13.836087 -12.993741 17.96469 30.363157 -13.768957 7.448885 -46.15598 11.126438 -3.8921075 -0.81573385 -34.754448 5.920809 27.340279 -9.59443 4.648883 -17.512053 -0.13588442 -1.9273629 23.866934
C22H24N2O2+H+ 7.6210136 -45.529552 7.2806096 6.193372 -22.385895 -3.6501498 -77.79853 -10.509286 26.78835 -63.516785 -31.132555 -228.88515 18.704979 27.562408 -64.44261 -23.832705 -1.0105927 -12.125702 -59.742065 132.27968
C26H54NO7P+H+ -14.875528 -28.277632 -20.633059 30.553549 46.11398 -30.396465 11.075759 -73.68509 20.378363 -0.15506902 10.804935 -64.92728 7.4289174 37.964127 -21.351511 5.275476 -29.38706 0.6816168 -3.3069825 42.294823
C15H10O6+H+ -5.5378237 -44.735382 -4.2383595 17.209278 12.055634 -35.175728 -56.784035 -34.7289 28.948633 -53.20703 -21.11087 -182.97714 23.62762 39.971035 -44.599022 -18.982132 -29.28317 -12.091936 -50.150536 131.99931
C18H12O7+H+ -29.9291 -30.570797 -27.180202 42.60722 58.233246 -41.702187 19.386198 -60.881813 23.704622 14.324087 33.167114 -46.771095 13.274233 53.62385 -8.138506 10.7196 -25.564508 -3.851116 -13.502243 60.471016
C7H15NO3+K+ -15.370321 -59.319088 -69.828285 68.37632 105.72248 -100.61334 44.41131 -226.22037 39.305172 25.483036 34.035748 -68.21137 5.6641884 61.92754 -43.008083 13.946427 -132.75839 21.312912 43.807213 49.811695
C13H10N2O5+H+ -17.907404 -30.457285 -27.959846 38.980854 44.551594 -37.830036 20.115175 -71.722885 22.267536 20.361183 34.339275 -58.1709 4.282747 31.208895 -26.173092 7.5388923 -11.37476 1.4682225 -7.7248273 39.88986
C18H26O4+H+ -38.67612 -35.0055 -39.263752 56.271084 68.907455 -52.67403 31.50315 -71.259415 26.143312 28.547218 48.729454 -33.74294 12.925311 57.463367 -6.572607 14.785387 -26.304195 -2.6011136 -11.550609 59.785885
C10H16O4-H- -9.177609 -12.868844 -12.104074 16.890669 28.835728 -12.62547 7.596588 -43.348537 10.48597 -2.6916738 0.1818444 -31.04596 5.4762454 26.06477 -8.530116 4.751358 -15.660519 -0.1471277 -1.6883683 21.733128
C24H50NO7P+Na+ -5.210746 -27.092539 -12.194538 20.17512 35.13933 -18.108658 -0.053104594 -75.076965 19.660776 -12.409795 -3.926236 -88.673996 5.48229 31.781279 -30.786192 1.3447192 -28.19369 1.787285 -2.4616454 39.683144
C6H13O9P-H- -7.6847467 -13.054317 -11.141912 15.864752 22.46191 -11.711868 4.312294 -36.659866 10.538415 -0.3515405 4.3602834 -36.275387 4.7617955 21.307554 -11.888655 3.3278182 -9.033786 -0.6238325 -5.709446 24.8082
C5H5N5O+H+ -17.848928 -29.139585 -23.270967 33.966988 53.26526 -33.1832 15.807598 -79.2812 21.068855 3.2840972 14.236695 -56.244247 7.7604833 42.313442 -17.623512 7.5529876 -34.753757 1.2087466 -0.20031904 41.083626
C29H48O4+H+ -36.319386 -33.87832 -36.244724 52.039787 73.079666 -54.39352 28.259144 -76.594345 25.87106 19.058819 38.32411 -36.453354 15.916218 63.142784 -2.875927 13.90016 -38.32915 -2.904367 -9.810322 64.57341
C10H19NO4+H+ -15.062576 -55.69046 -71.33571 68.99695 107.22105 -109.90349 65.24662 -246.5109 38.3775 34.886726 34.844635 -83.945274 -2.5372791 41.042496 -64.024185 14.061843 -108.75452 25.315306 44.96703 29.497257
C4H9N3O2+Na+ -10.209187 -26.751577 -15.850047 26.02187 31.281544 -22.38603 5.3610487 -56.609894 18.64704 5.138657 17.332033 -67.741066 4.6994514 27.635437 -25.692127 3.622531 -6.861901 -0.25040448 -11.015 40.27929
C25H47NO4+H+ -49.111855 -41.06503 -62.80764 59.605583 122.54407 -112.67247 6.992707 -146.35448 23.803488 -66.807526 -61.06744 -13.513711 50.21318 123.82697 42.91775 6.0057235 -222.12283 -2.2784421 21.182083 135.8439
C10H13N5O4+H+ -7.5336 -26.980236 -19.257828 27.365978 30.33377 -25.151436 9.596957 -66.49812 20.284266 12.515024 23.960836 -73.129105 1.4004289 21.138311 -34.369637 3.7474608 -4.278932 2.4513268 -7.383064 32.744625
C10H16N5O13P3+H+ 20.47723 -20.25168 26.323078 -20.137802 -49.841583 23.225237 -74.87366 32.514244 16.063684 -59.701324 -38.296288 -180.10645 9.368825 -4.851409 -46.6818 -25.405294 23.721704 -10.9463005 -44.198307 66.125084
C25H49NO4+H+ -26.974072 -40.02596 -48.13413 42.763203 90.980576 -91.79193 -3.7555623 -135.10796 13.926247 -74.978386 -76.91041 -20.517092 41.616184 97.49529 33.099182 -0.39070535 -201.92525 0.851621 21.793354 120.36075
C10H14N5O7P-H- -9.993777 -11.986702 -12.959585 17.646362 25.027683 -12.845204 8.393722 -36.58864 9.847509 2.9359825 6.805523 -25.661356 4.5424566 22.119457 -8.080405 4.8561053 -10.938247 -0.3293199 -3.1189988 20.63709
C28H50NO7P+H+ -10.119408 -26.021925 -18.959024 28.732637 29.564276 -24.38385 11.976759 -56.818066 20.153727 18.399822 31.634445 -66.9781 1.0814574 21.085814 -32.306225 4.9577036 1.7365645 1.0552064 -10.04569 32.727425
C10H15N5O10P2+Na+ -12.193903 -26.129625 -19.859398 29.152864 32.154015 -26.999828 10.67916 -58.473984 19.840473 9.404087 22.117905 -73.88293 2.9142249 22.705452 -27.76381 3.6682417 -2.4150794 0.783854 -10.567986 37.12687
C10H15N5O4+H+ -11.128767 -24.936268 -20.826984 29.977165 29.852547 -26.271671 14.5688095 -55.94491 19.698212 23.277164 36.47493 -56.957508 1.0807533 20.465584 -29.321596 5.9731274 3.6568806 1.520551 -10.202425 32.139816
C10H14N5O8P+H+ -19.082201 -23.164885 -22.152266 32.879868 37.013985 -29.409542 17.082468 -45.952316 17.772276 19.933832 33.51886 -36.735554 5.140367 29.50367 -14.250135 7.758333 -6.0759454 -0.7988514 -9.531621 35.81851
C9H14N4O3+H+ 5.2695837 -59.37082 -23.708227 20.342758 38.758926 -59.445454 -72.423355 -141.03801 35.57456 -114.60932 -100.15315 -234.29987 34.51912 61.556465 -54.424152 -27.618553 -164.76265 -1.3390907 -3.4647412 137.46358
C10H17N3O6S-H- -10.22657 -12.577193 -14.411903 19.878788 23.606962 -15.61312 12.089121 -33.466812 11.034722 12.582423 18.655334 -23.132656 2.569022 17.942387 -10.241244 5.7416406 -1.0979347 0.036583647 -5.4882803 19.59687
C14H24O4-H- -9.371695 -11.522173 -11.986226 16.584097 26.067406 -12.570999 8.74794 -37.419735 9.344793 1.6464379 5.0084476 -24.746523 4.2889876 21.805943 -7.5775075 4.758725 -11.062845 -0.19549413 -2.2975004 19.042002
C26H52NO6P+H+ 5.1255665 -49.215355 -47.02578 44.554726 66.486404 -64.68829 30.445652 -207.97748 32.47288 10.138376 8.219338 -113.96121 -6.192386 22.747221 -72.962715 5.7058 -84.56021 22.971104 36.920326 22.899227
C6H14N4O2+H+ -11.32116 -26.995024 -18.724497 26.324276 49.176674 -28.130575 8.908845 -83.70336 18.576803 -9.339221 -2.4168487 -61.200977 7.5507073 39.73992 -18.483158 4.6860104 -44.41249 2.377181 4.6564107 37.480858
C16H32O2-H- -6.376285 -12.384201 -10.281343 14.43536 22.115637 -10.433885 3.930913 -37.607746 10.141259 -2.7598054 0.6173768 -35.56467 4.631434 21.19499 -11.703127 2.9860082 -12.887414 -0.16342095 -3.366945 22.671572
C35H66O4+H+ 23.562933 -17.761595 7.1100807 -20.07763 30.377184 -1.2504156 -59.745075 -102.61937 8.556552 -125.271645 -139.8415 -134.52725 20.396887 47.302113 -24.52271 -20.747047 -121.91166 1.2739981 15.394086 63.6086
C37H66O4+H+ 0.9102403 -18.928244 -13.251399 1.356505 44.76147 -20.525436 -38.439236 -84.55459 11.740625 -105.9816 -117.892586 -69.53163 17.288885 53.717342 -0.27628186 -13.556249 -131.25702 3.4934013 25.482925 54.646114
C30H50NO7P+Na+ -10.983882 -22.750431 -18.113674 26.686562 29.528145 -23.082747 11.804734 -51.88477 18.413263 18.87665 30.768597 -50.417057 2.4796598 23.896822 -23.901663 6.3411016 0.54948825 0.83761555 -8.684881 29.295938
C10H26N4+H+ -14.59367 -19.54248 -12.502537 23.396137 25.742764 -18.029716 7.480998 -29.187235 16.6144 10.459805 24.563307 -52.16795 4.5762615 23.035599 -14.342585 3.760278 2.5263574 -2.5799887 -13.546167 34.230755
C4H9N3O2+H+ -10.4075165 -19.009111 -9.600876 18.316107 23.35658 -15.406564 1.0222977 -33.321026 14.039553 -4.0449047 6.1532936 -59.790005 5.295175 23.283806 -19.171087 1.1172763 -3.085115 -2.0649116 -12.508596 36.072117
C30H50NO7P+H+ -14.280306 -26.785038 -22.599253 31.538448 38.058327 -30.443947 13.325624 -62.392223 19.919075 12.633101 24.804813 -56.44451 5.2103543 30.307192 -22.980003 6.0412316 -14.891066 0.85210997 -6.905992 38.54714
C18H36O2-H- -9.287625 -13.843821 -14.431498 20.21807 24.748734 -14.999792 11.839892 -37.95828 11.430333 11.827355 17.846527 -28.894545 2.3510373 18.808014 -13.402848 5.5819793 -0.59773374 0.33863333 -5.6361766 20.113222
C12H20N2O3+H+ -8.255762 -27.935368 -25.404325 22.843647 65.77484 -37.7855 -7.6848993 -119.6058 24.380785 -53.65141 -57.663193 -90.811966 16.550175 58.418964 -20.909721 -1.5238059 -99.80633 3.2249172 15.732612 53.146362
C5H5N5+H+ -11.834368 -24.09168 -16.721996 25.15952 34.748066 -24.424536 6.236618 -58.24691 17.785519 -0.15483351 10.117147 -62.74302 5.869203 28.818811 -21.799814 3.0943835 -17.329628 -0.20447917 -6.5135026 36.430073
C26H50NO7P+Na+ -9.884052 -25.855371 -15.74919 23.05191 41.770405 -22.766384 4.359437 -76.73343 17.862253 -12.040821 -5.158192 -67.73779 7.003537 35.65761 -21.034035 3.1827424 -39.276134 1.8562294 2.8429337 35.80482
C30H52NO7P+H+ -4.4990335 -23.937954 -12.948281 20.35117 22.904394 -16.862318 2.3639565 -56.58438 17.608644 3.674845 13.605811 -76.14625 1.6536722 18.580265 -33.262104 1.652116 -0.88523203 1.3671682 -9.750763 32.946568
C6H14O12P2-H- -9.7036495 -13.811156 -14.772475 20.723608 24.650108 -15.6268 12.887847 -37.1963 11.637512 13.565908 19.858034 -27.433193 1.7952421 17.41121 -13.866275 5.5226493 0.5758598 0.5007504 -5.6462812 19.5531
C21H36O3+H+ -33.988216 -33.634132 -34.162617 42.88234 76.264626 -55.06194 14.541665 -93.21132 25.399672 -25.685225 -17.531017 -36.214462 13.079851 64.272545 5.623995 6.908621 -81.583176 0.77112436 13.478802 49.10909
C11H21NO5+H+ -38.011562 -56.48225 -86.04245 90.93189 115.60296 -127.88555 75.88833 -201.25983 42.964714 74.00924 93.19175 -31.711897 3.7580528 52.179104 -38.152966 21.043272 -101.04615 17.865438 32.45483 45.30308
C10H14N5O7P+Na+ -11.0246315 -23.22643 -23.248316 30.583332 39.555893 -29.68665 21.050222 -67.16342 16.844675 19.082714 26.954174 -37.42965 1.4540253 23.373785 -19.613714 7.4866 -15.522108 3.5425012 1.2448304 22.55274
C10H11NO2+Na+ 1.2242098 -12.818267 -10.320013 7.765634 18.02949 -10.810226 -5.9442344 -41.17109 4.9585285 -28.933233 -35.37362 -30.224798 11.919322 29.512468 -0.17814995 0.72812456 -48.02991 0.81436586 6.0416265 23.848019
C9H15N3O2S+H+ -15.624084 -18.20061 -14.039934 24.003428 27.656029 -20.064186 9.1995945 -28.805174 14.993465 10.151819 22.64903 -41.191204 5.1615815 25.296242 -13.701616 4.6178155 1.2751404 -2.4806452 -13.178946 34.548935
C10H12N4O5+Na+ 1.4850601 -20.787312 -5.7516804 12.457333 18.152456 -6.5436463 -2.7141016 -50.861866 12.976598 -7.4985304 -1.7807584 -71.43249 0.69462436 14.559578 -28.09665 -0.3824364 -6.028085 1.7779756 -4.663773 24.335796
C37H68O4+H+ 25.681664 -27.099174 -11.649942 -10.363832 42.49553 -26.940258 -71.347374 -147.4655 8.147596 -168.97127 -194.91234 -134.09088 35.273026 64.6849 -7.5027585 -27.593237 -231.30502 4.5692596 42.323273 82.22653
C15H28O4+K+ -50.422535 -50.21893 -70.54394 89.89129 86.05213 -103.01989 67.717545 -97.48336 40.40308 91.22643 128.77739 -19.749805 2.774105 37.623764 -22.517841 19.138832 12.785292 2.200721 -15.9859085 51.018032
C18H34O2-H- -11.913351 -13.152598 -16.383223 22.137493 27.515633 -18.323185 14.8292675 -36.936794 11.031726 13.177288 19.214525 -20.807213 3.2818472 20.381786 -9.33999 6.245865 -4.9106126 0.15966904 -4.339572 20.212955
C18H24O3+Na+ -59.764923 -69.82134 -97.90312 121.10037 107.5952 -128.46487 100.27 -120.145584 47.57261 148.64687 191.17433 25.06166 1.4008559 55.955925 -21.050343 35.31288 -11.195318 8.054518 -7.3876457 64.28861
C10H16N4O3-H- -7.6829724 -12.92688 -13.097368 19.010622 22.701687 -12.657405 13.755249 -36.585346 10.654617 15.918615 21.482645 -25.144499 0.018959302 14.674225 -14.540669 6.0273905 3.9844193 0.5987649 -5.0808115 14.832515
C10H12N5O6P-H- -4.7202296 -11.526519 -8.408947 12.309823 10.980688 -9.583808 -0.060157657 -22.232746 8.551238 2.7837243 9.105879 -37.18052 2.552837 9.719099 -14.462274 0.2684559 3.1995354 -0.8990086 -10.062982 23.373846
C13H8F2O3+Na+ 14.665809 -46.264572 21.022638 -13.500894 -51.95003 -1.7283435 -130.97174 25.68662 22.012167 -122.89331 -89.02805 -268.08304 30.38913 18.435974 -60.85316 -45.40562 -24.389078 -20.151152 -74.885925 165.13536
C16H26O5-H- -4.1921954 -11.615972 -8.524444 12.360814 14.472087 -7.7163277 0.7904501 -29.32534 8.901795 0.2625178 4.6613827 -36.22259 2.654323 13.938942 -13.997047 1.6905866 -2.7840927 -0.123319164 -6.100415 20.352238
C14H18N5O11P+H+ -12.125363 -22.064531 -17.586273 25.973066 26.025393 -23.60613 10.344285 -45.992977 17.09382 17.169613 29.94152 -51.840805 2.1474202 20.015484 -24.512005 4.780629 5.3381243 0.17692716 -11.777413 31.881971
C18H24O3+H+ -23.684692 -27.137285 -25.380686 35.721863 54.866257 -39.36735 14.458766 -67.029495 21.06602 1.3870256 14.700127 -49.105152 12.572488 47.8719 -5.7291975 7.7242413 -39.195847 -1.7689042 -5.0988493 51.529488
C18H23NO4+H+ 5.0481005 -19.396868 -0.112846345 4.490491 12.075329 -0.38704523 -12.508865 -54.378597 12.01263 -20.950407 -17.10017 -83.2411 1.3202505 14.432247 -31.80422 -3.0491667 -11.25454 1.8034818 -3.2121644 24.414087
C24H32O5+Na+ -19.027655 -17.214594 -27.70061 23.708563 47.170063 -31.800968 -14.265937 -98.2647 12.815871 -50.126774 -52.921886 -51.886948 25.843534 55.7403 11.854661 1.267133 -104.93595 -3.0285313 7.4442277 62.415302
C28H50NO7P+Na+ -10.870542 -21.354507 -14.265565 24.201984 21.370682 -18.252918 8.509156 -36.357845 17.909065 18.286156 32.30613 -58.985374 1.2221841 18.189215 -27.854143 4.269166 15.478686 -0.9777412 -15.55643 31.25737
C18H33NO+H+ -14.95709 -25.272303 -26.146881 35.689316 47.942204 -32.320522 30.060844 -75.792755 17.571228 22.625471 30.237608 -36.52036 -1.1164143 22.305565 -22.062458 8.450112 -11.216439 4.7570305 3.5731268 18.00231
C18H29NO2+H+ -8.801574 -22.50338 -18.979212 27.380266 37.619316 -21.943022 22.067554 -67.33527 15.421978 17.441721 23.485678 -39.412655 -2.0768325 19.932232 -23.270647 7.734685 -5.6200795 4.4977226 2.5266576 14.298805
C15H16O9S+K+ -60.873066 -56.580288 -96.42943 117.08886 125.340324 -142.00043 109.29197 -161.76308 47.26583 156.07657 196.99858 13.459958 -6.7275243 38.795383 -35.39257 33.84728 2.0563393 12.124131 -2.2127426 46.096523
C6H12O6+Cl- -5.8718295 -10.690629 -8.888914 13.012314 16.521122 -9.133571 4.057242 -27.545002 8.581331 2.4806354 6.9378033 -29.903635 2.764603 15.013762 -11.385223 2.6832156 -2.2569697 -0.33743137 -5.6065464 18.806152
C28H52NO7P+H+ -10.5499325 -23.132488 -15.741466 26.353243 22.373007 -18.743416 10.183081 -40.572113 19.522722 22.838438 37.969692 -63.058105 -0.042550396 17.128586 -31.807037 5.0870132 22.442627 -0.43848965 -17.587402 32.12629
C9H14N4O3-H- -9.106987 -13.255896 -14.530607 20.806847 24.07874 -14.248843 15.678478 -36.62286 10.864221 17.856543 23.880531 -23.845837 0.0063077435 14.697792 -14.285883 6.3643146 6.5668354 0.9711362 -5.2503567 14.591319
C24H48NO7P+H+ -6.1969624 -23.58831 -14.928412 20.74955 30.806225 -21.139805 1.8091662 -65.76984 18.263142 -4.2791753 4.0718856 -71.218605 5.0457335 26.880957 -27.160505 1.8387692 -24.095694 1.6709384 -2.781734 34.967342
C21H26O3+H+ -23.132067 -24.76387 -26.574966 34.75909 45.743385 -40.37861 12.459196 -58.56745 19.797031 7.6767397 21.657354 -42.444748 12.146212 42.07634 -9.5762615 6.7338014 -42.46584 -1.377645 -2.3851414 44.44974
C9H14N4O3+K+ -58.316742 -36.817276 -59.957233 69.93109 137.15152 -103.122795 58.666348 -161.59055 20.560123 10.755601 21.559574 46.644066 30.542662 103.74453 36.924564 26.171188 -164.39622 4.8276334 34.444122 74.834564
C12H18O3-H- -4.8625298 -11.574524 -9.309436 13.549697 16.098711 -9.302872 4.478125 -30.006506 8.938018 3.344091 7.8946047 -32.403088 2.2014756 13.682502 -13.315914 2.413256 -2.064188 0.09865235 -5.4550548 18.8168
C24H50NO7P+K+ -16.585234 -41.345093 -59.605267 72.11601 54.178455 -67.84586 73.655975 -113.928024 27.835342 113.80267 131.92546 -12.183404 -21.50679 -6.68131 -53.062813 20.44098 43.807835 16.780334 2.978706 -2.0844984
C8H18NO2+ -6.7840347 -22.43025 -18.935532 25.352793 34.399193 -23.506388 17.420559 -68.813065 15.082542 14.577805 20.513577 -42.249992 -0.7411064 18.727543 -23.263315 6.2071495 -16.2818 4.667155 3.930995 18.397789
C17H14O10+H+ -126.94561 -84.084435 -135.93416 158.02086 192.5245 -230.33669 63.303192 -157.58237 70.458694 45.919247 109.501854 -29.865929 74.0484 185.96773 39.00888 26.689537 -215.33899 -16.654528 -27.916067 237.7718
C28H46O4+K+ -11.826837 -21.90955 -15.159802 20.59352 31.153591 -25.079908 -2.2856746 -55.46208 16.890759 -8.433976 1.6745393 -58.638012 10.131658 34.155914 -15.6776085 2.0233893 -32.084324 -1.1822207 -5.8928065 44.40382
C7H16NO3+ -6.7857075 -22.465006 -20.573544 26.069962 34.68727 -25.139904 17.052725 -70.658775 14.752214 14.229214 19.536877 -38.872257 -0.18836069 18.7239 -21.661726 6.0933857 -17.63433 4.946177 4.733097 17.185856
C9H12O4+ -2.1622536 -20.78122 -12.025522 17.864185 28.130926 -14.549387 9.38752 -64.8704 13.108062 2.990201 7.0864735 -51.708656 -0.95964384 16.5042 -24.9108 3.564117 -12.269701 4.3037486 3.177823 15.653645
C10H14N5O8P-H- -7.898693 -13.551466 -13.214055 18.43354 18.163723 -14.809483 7.5811305 -29.670221 10.999758 12.433542 19.993515 -30.63463 2.3980846 14.7649975 -14.644512 3.5980253 2.3112354 -0.20335694 -8.624015 23.362226
C5H15NO4P+ -2.8956063 -21.411493 -13.675823 19.401175 30.501408 -16.900534 10.697548 -68.174706 13.509971 4.945074 9.153273 -47.12982 -0.21965903 18.828138 -22.816687 4.4454947 -17.004314 4.417744 4.3500013 17.17019
C18H32O2-H- -8.468373 -10.010601 -12.79042 17.359898 20.557817 -13.1844635 13.545039 -29.2051 8.790396 15.614241 20.342892 -13.974998 0.7903236 13.421975 -9.107675 5.820827 1.9752183 0.75140643 -3.2174594 11.873596
C24H51NO7P+ 1.0457335 -20.058846 -8.357264 12.881437 25.587694 -11.144306 2.6346607 -65.344864 11.79799 -7.886469 -5.493662 -58.044743 0.13983965 16.680105 -24.61573 1.2043092 -15.859028 3.8724165 3.4907928 16.108536
C12H18O6+ -3.657918 -21.127672 -16.072708 20.799183 31.81393 -20.732897 12.044783 -69.48693 13.331038 2.8703976 6.3660746 -48.755894 -0.034880042 16.41353 -21.695747 3.435158 -19.824532 4.6312284 5.4867034 15.53401
C21H41NO4+H+ -9.038617 -20.749104 -16.63575 22.851267 27.451172 -22.703293 8.052837 -51.74355 16.141045 8.995881 18.217068 -50.067894 3.9822936 23.0751 -21.198309 4.147005 -9.284551 0.6896637 -6.623562 30.814426
C14H16O6+ -2.2445931 -21.579365 -14.154537 18.486452 30.058586 -18.198666 7.341717 -68.95624 12.921245 -1.6523116 1.5734556 -50.314045 1.0476633 18.931276 -22.076616 2.7653048 -24.881628 4.4164805 5.676587 19.249245
C16H24N3O8-H- -3.7774725 -9.04989 -6.5865364 9.261013 16.380302 -6.217689 0.7866664 -29.595661 7.0711336 -6.615729 -5.04822 -29.920294 3.8175554 16.10118 -8.738741 1.5183423 -11.973963 -0.1434474 -1.7763377 16.69334
C15H15NO3+Na+ -2.8396702 -20.809546 -14.586481 19.21694 29.935925 -19.155397 9.638242 -67.140785 13.105372 3.8583052 8.069854 -46.71036 -0.46934655 14.8344965 -22.313005 3.2514153 -19.72983 4.467469 4.784286 16.961359
C26H55NO7P+ -0.7732959 -17.15215 -7.8821507 13.2252865 20.55432 -9.123921 5.79173 -51.00791 10.927144 -2.029394 0.98713976 -50.386684 -0.7366061 13.670855 -22.966522 1.9004859 -11.825657 3.5875552 2.664846 14.334085
C21H28N6O4S+Na+ -11.070622 -17.794731 -10.504848 20.19831 29.630522 -16.699932 9.3409 -33.594448 12.864187 4.620576 13.789016 -35.708237 5.064467 26.290674 -9.337072 4.7875524 -7.7156563 -1.5167753 -7.7100925 30.126995
C26H53NO7P+ 1.6240659 -17.242302 -5.438649 10.141756 20.148563 -6.420063 1.8397844 -54.160164 10.158487 -6.4114094 -4.055512 -53.593597 -0.7355745 13.162487 -23.159012 1.0273203 -5.664291 3.3418028 1.1911123 11.910641
C9H9NO3+H+ -0.9399321 -15.640174 -9.328962 13.524433 19.26875 -11.065347 6.834421 -47.63773 9.9374075 5.506236 8.951387 -44.387573 -3.0040157 4.2738338 -22.939486 1.2196208 -2.763081 3.2051454 0.53035235 10.300461
C6H15N4O2+ -2.2168276 -17.28301 -9.304108 15.002029 19.446138 -10.710678 6.3757935 -46.6321 10.129327 3.5721273 8.340179 -45.519325 -1.3446743 10.079228 -21.8616 2.0030994 -0.63381785 2.4922936 -1.9318916 14.480728
C25H45NO4+H+ -1.1913068 -19.51113 -11.4226265 15.767727 17.120317 -15.199276 2.9524922 -49.755573 15.189644 5.434156 12.960341 -65.546326 0.14936118 12.475181 -31.80505 1.1379443 1.5646187 2.0373282 -7.3273864 24.298147
C15H14O11+ -2.1575387 -18.185804 -14.353714 18.141842 24.52756 -17.745234 10.442358 -58.353054 11.83171 7.976514 11.737564 -40.79707 -0.86967605 12.22205 -21.573526 3.3342733 -12.499685 4.291386 3.3542905 13.328391
C9H15N3O2+H+ 42.298298 8.087095 57.35596 -56.130222 -113.66268 75.52484 -88.59852 123.36884 -2.80697 -44.53979 -32.89778 -134.3129 -3.5657368 -36.1493 -40.935043 -22.29826 67.89315 -8.9869 -44.476334 30.849089
C6H12O6+K+ 71.69502 -5.5508795 48.927013 -34.18687 -164.51862 108.749916 -45.444283 129.58153 5.7417574 110.16218 140.70834 -177.87697 -61.421883 -150.95183 -149.16978 -18.033367 350.64435 0.93741703 -102.362114 -35.21575
C4H7N3O+Na+ -11.117287 -16.04512 -9.850276 18.433844 29.042864 -16.218334 7.972432 -30.933254 11.446263 1.4103698 9.357315 -30.63565 5.7436357 26.42488 -6.160762 4.3772306 -11.363266 -1.6904955 -6.4059453 29.031689
C28H33O14+Na+ 62.79596 -46.356026 -32.171246 15.056633 34.095768 -22.905401 -2.8794491 -252.632 32.568558 -9.796784 -25.190725 -215.59413 -17.359236 -21.812155 -128.5303 -9.987341 -83.43268 31.99978 48.204216 -9.067174
C28H48NO7P+H+ 1.2363483 -16.915516 -3.271526 10.275802 4.3509316 -1.8153927 -3.9006004 -27.103033 13.567092 5.3453608 14.983739 -72.209076 -2.38185 4.6076894 -34.283222 -0.8980913 24.253227 0.13683578 -14.962918 21.411203
C6H6N2O+H+ -8.822258 -17.24632 -12.019986 19.781641 29.300201 -16.683783 9.573815 -40.772034 12.433616 4.2793493 11.236318 -34.24179 4.0366216 23.309309 -10.625908 4.376644 -12.787031 -0.039907947 -3.1805625 24.102337
C17H12O5+ -1.6018385 -15.860263 -12.124332 16.079927 19.486006 -14.175356 9.62101 -47.871872 10.516679 9.851394 13.8006935 -36.040527 -1.3227646 9.364402 -19.789726 3.1664877 -6.8611665 3.644903 1.6532633 11.515311
C27H44NO7P+H+ -5.594465 -21.321909 -9.800872 18.121937 12.71451 -12.195433 -0.949523 -35.60745 16.665545 8.700931 21.613674 -74.74883 0.6111979 13.13975 -34.04764 0.8460139 16.893536 -0.65901023 -17.199558 33.236237
C12H20N2O7+H+ -20.686884 -25.490656 -29.746262 40.713318 55.445717 -37.292847 37.098396 -76.30874 19.190018 34.56486 44.30831 -18.766138 0.09062782 31.599693 -15.556186 13.689643 -10.297945 4.0194798 2.8967717 19.864557
C28H28O6+Na+ -8.671156 -16.936495 -10.65186 18.71821 28.27405 -14.9751835 8.51021 -38.391994 11.019748 5.107576 12.351644 -30.518173 3.4388273 21.141418 -9.404359 4.2641335 -6.2139397 -0.64722484 -5.3679686 23.418589
C24H31ClO8+H+ -6.7743974 -13.52593 -6.926736 14.220497 18.9185 -8.222484 5.3118443 -23.608902 10.30632 5.0371165 12.1419935 -31.164852 2.585397 18.623198 -10.173822 3.8003411 -1.5277735 -0.80045277 -6.3498344 21.58451
C13H15N3O2+Na+ -0.10134656 -15.486947 -11.161652 13.719614 19.710077 -14.066764 6.37867 -51.277187 9.78903 2.5801072 4.9837275 -38.7763 -0.41439542 10.025383 -19.140697 1.8051487 -14.61432 3.8024302 3.939394 11.448141
C12H16N2O5+ -1.1821637 -15.750122 -12.568613 14.97558 21.811756 -16.226957 7.598306 -53.189796 10.54311 4.706101 7.552801 -37.133614 -0.07400045 11.460389 -18.520111 2.4221232 -16.369606 3.996037 4.2577925 12.991194
C11H18O11+Na+ -8.983902 -15.934618 -9.687523 19.173347 21.572306 -12.10476 10.082854 -25.681192 12.690221 11.841105 19.871857 -21.80135 4.6008677 25.077883 -6.435638 6.3202324 -13.067118 -0.26507834 -3.2189298 24.518682
C14H17N5O8+H+ -17.668167 -16.173601 -18.985765 29.197119 25.407757 -23.050701 21.81422 -21.726608 13.971397 34.69533 48.152878 -14.840167 0.45802307 16.552055 -11.696699 8.780859 18.100561 -0.96561044 -12.279855 21.407562
C7H19N3+H+ -7.9158573 -13.532884 -5.81108 16.105993 7.01976 -4.7609897 7.017784 -7.8778667 13.091621 24.225132 37.904186 -43.794872 -3.1190627 5.1377788 -24.525225 3.5135915 38.428123 -1.7915449 -18.32351 16.706118
C10H13N4O8P-H- -9.961273 -12.188333 -14.903772 20.050325 20.184155 -17.191338 12.324263 -27.662254 10.271041 18.566545 25.984146 -17.85416 1.7872446 14.291301 -10.670992 5.3120813 2.7968712 0.11868963 -6.8088737 19.211702
C10H15N3O5+Na+ -3.3971794 -15.925704 -14.817549 18.80222 21.75808 -17.038183 13.240889 -49.645412 10.901563 15.422447 19.841654 -30.55712 -1.666189 9.384979 -19.044088 4.4476523 -5.0189476 3.8933513 1.7516065 10.398958
C26H44O8+H+ -6.657648 -23.46551 -12.482568 17.948977 22.917467 -18.943167 -4.501988 -52.50401 17.279554 -10.357283 -0.81932485 -75.17402 6.906138 26.775148 -25.66429 -0.16380438 -24.435808 0.2107542 -6.398148 41.26475
C6H8O7-H- -13.537007 -8.996638 -14.104337 18.59406 33.404053 -17.522808 17.671255 -36.968647 7.4418097 6.345545 8.028324 1.4137955 4.5256686 25.201029 3.2894433 7.6994343 -15.089134 0.4470185 3.4113958 9.805755
C5H4N4O+H+ 0.6486631 -10.916762 -0.46353838 4.302833 12.926586 -2.2749703 -5.512658 -27.217508 6.797757 -18.426273 -16.585726 -50.805077 2.6084137 12.304716 -13.584142 -2.0537882 -14.180201 -0.1071626 -1.4179571 17.648342
C32H48O7+ 1.9895658 -12.6316 -7.7518654 10.201307 13.801376 -8.34787 5.2691836 -41.387142 7.9432435 4.6846733 6.4213085 -33.577248 -2.043292 5.3748736 -18.26412 1.6159681 -5.641935 3.5651274 2.7535758 6.4210873
C18H30O+H+ -25.176317 -21.392643 -27.311289 34.285583 50.48303 -43.945755 16.8108 -57.450466 18.040064 8.336429 20.688236 -23.555418 13.727723 45.298717 0.27062213 8.310231 -46.412968 -1.5223156 -1.955924 47.75383
C17H13NO3+H+ -20.249685 -21.75458 -19.692596 30.097424 27.89584 -29.763899 11.326134 -32.108612 16.848425 16.841185 31.755775 -38.12811 6.320038 27.252441 -13.750095 5.896429 -4.2734 -2.1342404 -11.949661 36.460648
C28H51NO7P+ 0.542212 -12.665744 -8.951578 11.610386 15.2376175 -10.117381 6.9142337 -40.786297 8.285768 6.077153 8.2913685 -31.672844 -1.8566513 5.648326 -17.448603 1.7233815 -5.7736626 3.4638104 2.5183334 6.8797092
C14H26N4O11P2+H+ -3.6432087 -15.936674 -13.976912 17.497816 23.037195 -17.805212 10.631977 -50.246708 10.226233 8.790664 12.648211 -31.361212 -0.25930482 11.425648 -16.869947 3.3811655 -11.16147 3.3738365 2.3763876 12.764517
C20H32O2-H- -9.053829 -10.734588 -12.853241 17.463266 17.893955 -14.166856 9.360678 -24.603498 9.083444 13.046057 19.370747 -19.0296 2.3409107 14.080223 -9.245699 4.4570355 1.2955813 -0.29482836 -6.6233144 18.702835
C23H32N2O5-H- -5.9402237 -8.52971 -9.261361 12.768778 15.244248 -9.5559 7.34819 -23.365824 7.176584 7.8820524 11.723967 -17.676176 1.5036511 11.563694 -8.316271 3.4735782 -0.44178236 0.20473623 -3.6416883 12.811693
C23H46NO7P+H+ -11.579643 -15.095812 -12.480701 19.696423 23.458101 -17.749273 8.853989 -28.821203 12.169598 10.285742 19.81259 -30.074276 3.6347835 19.91214 -9.84617 4.2447553 -3.6745534 -0.9536667 -7.2615395 25.23669
C23H44NO7P+H+ -13.656834 -20.39568 -16.957476 24.401325 36.100048 -25.44698 9.9916 -53.496582 16.06963 4.9335575 14.492861 -42.38998 5.8489914 28.886782 -13.784703 4.9226017 -22.187012 0.26002142 -2.5022225 31.461218
C25H36O3+H+ -1.6521087 -14.271276 -3.7307982 9.547391 1.3512107 -3.5701263 -5.387861 -15.522193 10.332008 0.8603139 8.9893 -50.476902 1.3515743 9.225478 -21.329056 -0.449802 9.704722 -0.9873643 -11.974236 23.42765
C15H15NO3+H+ -4.251844 -17.400284 -8.231605 11.860956 17.586098 -14.164312 -6.1658616 -43.674347 13.095871 -11.269467 -4.162854 -63.12131 5.1358323 19.724077 -21.851593 -1.0932689 -15.207917 -0.22112966 -6.4349303 32.04904
C10H13N4O8P+H+ -3.546601 -5.002171 2.1202059 1.0093747 6.750167 -0.31110463 -7.51033 -4.0806413 3.04887 -14.993618 -12.162596 -22.824232 5.3814464 13.896609 -0.43715888 -1.1088445 -6.725057 -2.990703 -6.8570147 19.944075
C9H17O12P-H- -8.090328 -8.999237 -12.266985 16.151493 17.495264 -13.962789 11.67409 -23.15435 7.725548 14.379473 19.359385 -10.842921 1.249586 11.638228 -7.0711617 4.672601 0.36584735 0.4121564 -3.6314692 12.775781
C21H22O5+H+ -1.3448799 -17.528185 -7.693281 14.386529 38.95256 -0.11415151 0.7730851 -61.660645 10.28692 -26.58422 -27.814959 -48.345306 0.7782442 30.101507 -16.86606 2.4598172 -14.432356 1.9988801 -1.054421 28.457367
C34H48O7+ -1.3270252 -8.45628 -7.6411514 10.012071 11.99732 -8.531504 8.339243 -27.01098 5.8266273 9.030516 10.927546 -15.7867985 -1.5251048 4.5269213 -10.53891 2.698337 -2.1357374 2.440734 1.9533496 3.1870985
C26H30O12+Na+ 64.564926 -48.222946 -27.44762 7.0954356 14.71602 -21.321783 -23.873589 -244.38837 29.1068 -43.701298 -63.503963 -228.67076 -12.796538 -22.317804 -119.27133 -17.650343 -95.97174 29.937103 45.51676 2.3587787
C6H12O6+Na+ -27.752943 -14.281363 -23.042988 30.564945 46.474148 -36.37529 19.968544 -35.34682 13.526963 12.812412 23.874287 5.455377 11.8547125 41.558567 11.890179 9.913161 -35.728973 -2.7830405 -0.90113866 34.511677
C10H14N5O5+ -2.471685 -13.841203 -12.114067 15.028088 18.066965 -14.125935 8.602372 -42.7018 8.990172 8.318316 11.522594 -28.84155 -0.62751883 8.901303 -15.917639 2.8220272 -8.788646 3.2009227 2.081711 10.634886
C10H13N5O5+H+ -2.40414 -13.6241045 -11.849423 14.777441 18.260483 -14.3565235 8.846612 -42.676502 9.018992 8.520559 11.854353 -28.966335 -0.6056823 8.872134 -15.992004 2.869429 -8.499554 3.185447 1.8507044 10.797145
C12H22O11+Na+ -34.34635 25.80388 59.798424 -0.83677405 -158.98485 110.076454 -4.8678994 410.05133 -8.669277 197.4505 277.4302 43.637707 -32.69152 -90.02961 -14.5343895 13.162726 496.8498 -44.64922 -199.00375 32.334232
C11H19NO6+H+ 1.5972735 -11.703686 -2.705679 4.4687424 3.298807 -4.276057 -8.40547 -27.807882 8.652326 -6.6976843 -1.8764861 -49.787262 1.8128077 8.015519 -20.101059 -1.8448424 -2.0907536 0.17208536 -6.4854593 19.627932
C23H43NO4+H+ -0.2948162 -14.466494 -9.684768 11.294579 15.860035 -12.822503 0.7040227 -45.31471 10.077001 -3.7671168 -1.0370145 -46.81533 1.7662783 11.997656 -20.393898 0.16594411 -13.762305 2.3306565 -0.3743606 18.32356
C8H14N3O7P+H+ -3.5849922 -10.11263 -10.982232 14.271257 14.282093 -11.456041 12.243172 -30.688234 7.7864146 17.889967 21.853859 -15.766265 -2.1446433 5.181826 -12.878237 4.5078917 4.148593 2.5371041 -0.21557856 4.446404
C10H13N4O8P+Na+ -11.769964 -8.03268 -7.680436 12.134395 22.839523 -14.766948 5.0158515 -16.028196 5.68335 -4.5221057 -0.2656599 -4.7077866 7.502077 23.23305 7.2487893 3.1123128 -21.945166 -2.2769158 -1.5219495 22.00417
C10H13N5O5+Na+ -3.1964767 -13.119665 -12.14283 15.47552 17.22091 -14.096531 10.218316 -39.203457 9.013386 11.955995 15.864982 -26.443485 -1.1481984 7.811053 -15.967796 3.3407857 -3.6353915 2.9862273 0.531341 9.9067135
C14H10O8+H+ 2.4960737 -8.440323 1.6669966 1.9279042 6.084621 1.9919674 -5.118353 -17.73504 5.502716 -9.241028 -6.910161 -37.96044 0.7969821 7.3111577 -12.684433 -1.3172802 -1.4821879 -0.1449445 -3.53803 11.923224
C5H11NO2+H+ -17.071194 -12.191526 -15.159854 20.1481 33.329437 -24.329206 10.836411 -35.39467 11.252953 3.3163202 10.75855 -13.112973 7.6522927 29.139591 0.8125314 5.5994425 -28.627539 -0.909945 0.57314193 26.022972
C9H17NO8+H+ -0.60007787 -7.562554 -6.8110332 8.509968 10.411604 -7.6364455 6.645154 -25.330791 5.2714334 6.710573 8.100224 -15.980519 -1.1900511 4.0493317 -9.845281 1.9949421 -4.5795455 2.4370875 2.5176811 3.3323107
C10H17N2O5+Na+ -1.2377514 -7.6079106 -7.415145 9.227446 10.84926 -8.329342 7.53785 -24.928009 5.3008447 7.52127 9.084288 -14.55679 -1.1824551 4.253506 -9.548028 2.2514882 -3.8638744 2.3330042 2.2215142 3.4449496
C34H50O7+ 3.0140784 -6.5970683 -2.1249547 3.109016 4.1323647 -1.1787523 -0.7546252 -20.71345 3.7205224 -1.938924 -1.5671532 -23.922556 -1.2402656 1.2327716 -11.475967 -0.50750846 -2.7771 1.8750539 1.1636117 3.3223953
C9H8O4+H+ -36.282497 -66.198975 -40.36267 52.038227 64.49113 -87.251 -57.707787 -91.355194 38.320705 -82.598114 -44.139317 -179.33926 50.282948 100.88591 -16.428009 -15.741834 -136.24252 -15.308696 -47.986183 215.72093
C10H15N3O5+H+ -3.5360599 -11.308332 -11.537159 14.907116 16.01108 -12.452047 11.736723 -34.586098 8.4121895 16.13626 20.124786 -19.972536 -1.8225863 6.5763235 -13.802297 4.4744325 1.2652309 2.7992074 0.20615187 6.5624595
C7H7NO2+H+ -15.627849 -11.907606 -14.75311 18.569754 34.060303 -24.2225 8.7906475 -38.109863 9.965232 -2.2977138 3.318966 -13.01403 8.172039 28.997667 2.29667 4.5351906 -32.83131 -0.8205864 2.1840591 25.005377
C12H23NO4+H+ -4.697876 -7.606682 -3.80532 7.864302 2.189652 -4.928761 0.792956 -6.30873 7.219658 9.952913 17.438324 -27.6076 -0.6762539 3.1442828 -14.626457 0.9349908 17.95071 -1.0770984 -10.885963 13.181052
C22H32O2-H- -6.8366 -9.026546 -10.272705 14.156023 13.38418 -11.364429 7.36456 -19.039156 7.540738 11.904123 17.55424 -16.911629 1.4011399 10.174167 -8.830568 3.4536114 4.0048475 -0.19777638 -6.473478 15.528021
C13H13N3+H+ 13.092871 -29.661964 -3.5846088 -2.354399 -10.301647 -20.69682 -72.8414 -44.257477 15.662102 -83.49493 -72.242226 -159.55623 23.830946 19.505188 -35.327213 -26.799904 -80.87123 -5.1194286 -20.305876 98.3242
C17H26O4+Na+ -7.9484005 -9.845399 -10.0684 10.600544 29.235277 -17.665663 1.9437524 -44.75547 7.55322 -16.317266 -15.794364 -19.806192 8.093068 26.41101 0.83761764 1.7820278 -45.769073 0.7967056 8.675582 20.180845
C19H22N2O+Na+ 5.262267 -7.7515583 4.5580015 -2.3015563 6.555565 5.902998 -6.674328 -26.58142 3.3788073 -16.552977 -17.52147 -37.44749 -0.24864316 6.82594 -12.981192 -1.7152079 -8.136181 1.3840849 2.2420082 6.073298
C18H23NO4+ 4.304192 -7.740408 3.7172785 -1.4159377 7.397301 4.8441176 -5.941171 -26.449022 3.4272463 -15.787958 -16.646381 -35.262268 0.059746683 7.6265297 -11.955561 -1.3887658 -9.438513 1.3312567 2.4284792 6.647479
C14H20N6O5S+H+ -1.914835 -7.4039226 -3.9689438 7.229849 9.098388 -5.037883 2.37673 -15.502024 5.5734987 1.4972069 4.7504683 -22.076353 0.51601446 6.516894 -8.463418 0.8622539 -0.18072909 0.09385288 -2.699961 9.023509
C29H45NO4+Na+ -3.0083752 -8.088121 -7.678357 10.898581 12.061811 -8.623709 7.6877513 -20.421722 6.561996 9.682673 13.254637 -15.786223 -0.50745326 6.1517353 -9.268948 2.573503 0.82359654 1.0554024 -1.2926046 6.6387854
C26H32O3-H- -3.7267203 -6.462827 -6.1268044 8.723398 7.6850953 -6.9839764 3.064083 -12.113302 5.176842 6.2339916 10.279372 -15.0401 1.0735775 6.403995 -7.0668316 1.556505 2.6425567 -0.29131204 -5.059164 11.880255
C10H9NO+H+ -5.5922775 -8.429601 -7.7457705 12.456198 11.085514 -8.8136425 8.614864 -14.780251 7.0300183 14.341698 20.272945 -15.024535 -0.79946595 6.0729465 -9.537144 3.2869682 8.4365835 0.29173028 -4.9299126 9.091455
C14H28O7+H+ -62.503345 -73.59908 -78.27506 84.83478 141.25713 -145.9806 -14.660743 -182.33656 46.84224 -80.38199 -50.906612 -119.96383 63.12384 147.59378 14.432618 -1.8115923 -245.52696 -8.455731 -3.6833503 208.34279
C12H22O11+K+ 0.08745921 10.046963 46.384655 2.8343673 -169.50621 109.66709 -3.7857697 327.18723 0.7905504 206.89256 276.50403 -39.539318 -50.976807 -122.13167 -80.50473 7.550598 507.34842 -28.319845 -187.13165 17.880646
C15H18O10+Na+ -0.65161526 4.991545 43.574768 7.0623245 -167.25851 105.90797 -4.20948 317.14566 2.560575 209.80838 281.20908 -48.147007 -51.667557 -122.537186 -85.42569 7.5516605 513.7441 -28.362411 -190.48932 21.571022
C21H20O7+H+ -2.0830564 -6.427108 -4.3875256 7.095463 9.182102 -5.5727015 3.38098 -15.105047 5.074283 2.8358893 5.53547 -16.105516 0.61588436 6.5684834 -6.577272 1.2788413 -2.7787068 0.37088335 -1.1531487 7.500138
C14H29NaO4S+H+ -8.107494 -8.7753935 -9.95419 10.107303 30.229797 -17.465078 2.714752 -44.30828 7.1594586 -16.266933 -16.360888 -14.541625 8.424735 27.558521 2.8429942 2.253762 -49.28403 1.0004544 10.279126 19.429033
C11H15N2O8P+H+ 3.3528252 -6.185247 0.8424363 1.3415738 2.9299476 2.4074762 -3.0796366 -15.210392 4.1861405 -4.4022646 -3.1235914 -29.477207 -0.96539176 2.2269278 -12.225468 -1.0173519 2.4627633 0.6800956 -1.9903277 5.245247
C19H24O4+H+ -7.7248697 -10.046591 -10.571318 10.666715 31.03637 -18.85054 2.0996702 -47.84011 7.6772738 -17.435942 -17.322918 -18.94506 8.608322 27.755133 1.8955164 1.8678671 -51.14077 1.1588192 10.524032 20.547817
C27H44O7+ -0.2704475 -3.4384835 -2.6532145 3.6498928 3.9949322 -2.808269 2.298131 -9.754457 2.4020464 3.0120506 4.042947 -8.017879 -0.5737256 1.6195765 -4.7459254 0.73948765 -0.020039126 0.78287756 -0.013577357 2.2224827
C47H69O8P+H+ -61.85063 -69.43122 -80.04808 86.36811 135.54324 -143.29675 -1.7841512 -177.67046 43.502502 -62.74238 -35.759384 -105.41689 56.070164 131.9141 11.371888 0.3827075 -220.58612 -6.3541408 -1.8239648 185.3547
C27H30O11+Na+ -14.511305 -9.658945 -13.438458 20.569849 14.870258 -17.722445 14.86387 -5.5190353 9.768206 28.472559 39.98386 -4.890923 0.7422073 10.271448 -5.9929442 6.070647 17.738255 -1.8158574 -11.84432 16.679815
C37H47NO4+H+ -8.807318 -7.1324697 -10.826615 14.289698 17.017076 -14.081891 11.096285 -16.39847 5.9469385 11.416763 15.557133 -1.1517471 2.1838067 11.8591795 -0.58887523 4.2861843 -5.4684343 -0.054481626 -1.2929875 10.51581
C35H64O4+H+ 38.42023 14.012828 28.131845 -50.16413 -25.414536 32.909336 -60.753674 -12.7912655 -17.983854 -117.75867 -147.9743 -33.274902 9.073581 -3.639185 9.803087 -24.064013 -93.97323 3.2183452 28.609377 -0.972527
C15H22N2O4+H+ -66.3947 11.436234 -3.8725386 33.664013 -29.113672 -8.194045 29.503357 178.4839 12.510774 101.62514 145.96835 47.949924 11.084849 9.175641 28.79322 17.68685 171.90343 -29.87326 -89.369705 34.46897
C24H48NO7P+Na+ -0.9157774 -4.7491517 -3.6274405 5.430128 6.37179 -3.764821 3.3581176 -12.690924 3.7683258 3.9267285 5.6716795 -12.536498 -0.50691825 3.1211271 -6.6378922 1.101536 0.8770759 0.6915128 -0.7854681 3.7103415
C26H56NO6P+H+ -4.180694 -10.725016 -6.5928345 8.05343 23.903147 -12.455985 -0.89445233 -40.663826 6.585028 -16.395094 -15.679461 -25.620153 6.265921 21.775953 -2.6003041 0.63771987 -37.29978 0.8948746 6.380138 19.241686
C25H50NO7P+H+ -0.5093614 -2.4944422 -1.2368436 1.9053981 4.690886 -2.0456586 0.875949 -8.679841 1.4022577 -1.7215066 -1.6217179 -5.388071 0.43209147 3.4724863 -1.6704293 0.37092406 -4.704327 0.46560925 1.2258322 2.527616
C6H9NO5-H- -5.017838 -8.259345 -7.901538 11.320522 9.494142 -9.125695 3.9970117 -14.655684 6.6463323 8.717431 14.138952 -18.917477 1.3175602 7.991037 -8.982385 2.0735855 4.2699666 -0.42903927 -6.865079 15.344538
C6H8N2O2+H+ -0.8719449 -2.623252 -0.19141087 1.2188116 3.7685723 -1.3637414 -1.8070596 -6.024728 1.6617188 -4.4642034 -3.5320232 -9.384462 1.6247269 4.8736844 -1.3279204 -0.29096106 -5.2956877 -0.44225788 -0.6474546 5.898856
C16H12O9+H+ 1.7954268 -0.30049062 3.8610473 -3.2426538 -5.319336 5.358554 -6.0258026 4.9594727 0.19903047 -4.5709314 -3.5922704 -12.526598 0.11176172 -0.8367307 -4.190859 -1.5515312 8.04415 -1.1503942 -5.086136 4.255117
C18H32O16+K+ -36.355675 26.128778 8.425367 21.468971 -59.85327 36.21476 52.23457 220.1966 -8.347441 162.69476 197.86694 134.68468 -23.33987 -50.40746 23.847534 24.336151 271.45428 -19.619905 -85.973854 -31.001236
C39H73O8P-H- -2.5488787 -3.9699028 -4.0147977 5.6081896 5.1342945 -4.699707 2.2079468 -7.55292 3.2008376 4.0494967 6.5170794 -8.4576645 0.7525136 4.240315 -3.9339178 1.0884085 1.0423069 -0.19817616 -2.9406183 7.2778325
C8H14O7-H- -0.6753383 -0.39172423 -0.5555613 0.81704396 1.6309919 -0.4410993 0.39440814 -1.6266438 0.47215855 -0.53060865 -0.48201287 -0.98715866 0.42710352 1.7448038 0.07294921 0.2773243 -1.1466479 -0.13775401 -0.019892327 1.0612233
C26H52NO7P+Na+ 0.8603911 -3.4425817 3.5462956 -2.004537 4.8143406 3.440987 -4.9855075 -11.374456 1.2274827 -12.599518 -12.849923 -17.429506 1.3986318 6.8668156 -3.3707213 -0.9855247 -7.6986675 -0.22445798 0.7791401 5.7219143
C19H37NO4+H+ -7.0122066 -4.073522 -8.33856 10.371711 13.137609 -11.141754 9.557439 -11.367161 3.5849025 9.128931 11.44851 5.34808 1.6629317 8.664111 1.9581442 3.5918555 -5.3754134 0.08547483 0.25143835 5.865256
C29H40N8O5+H+ 10.156708 -27.477768 8.750474 6.879036 -44.085773 17.585815 -38.291992 34.192818 17.80279 18.190071 48.844704 -145.01367 -7.021136 -18.544748 -70.04321 -11.127841 115.53122 -7.828838 -69.57148 71.62326
C6H6N2O2+H+ -2.2010841 -1.411183 -1.1514615 1.9553235 3.6941211 -2.5736606 0.37140197 -2.3923392 0.9837005 -1.0402982 -0.11696701 -1.4712286 1.4909306 4.18822 1.2478108 0.45685273 -3.6987948 -0.56452525 -0.6378054 4.413686
C18H30O3S-H- -7.448775 -3.5210125 -7.485472 9.824495 15.783136 -9.290315 11.101544 -14.497061 3.1478865 7.5159793 8.657262 7.4395895 1.4878912 10.759287 3.0389345 4.516198 -6.6077347 0.31295165 2.2214131 3.2533023
C37H71O8P-H- -2.2006557 -2.5746858 -3.064224 4.1358166 4.116934 -3.6919422 2.1182795 -5.0381246 2.130468 3.2457736 4.9447417 -4.0137653 0.6496926 3.2645266 -1.895878 0.9568747 0.15408397 -0.11733253 -1.7333972 4.77216
C31H33N3O7S+H+ -7.044066 1.999583 -3.0873923 5.5662985 1.9763113 -3.372645 9.183396 14.438076 0.13901633 16.036867 19.405453 20.57778 -0.5520154 0.52193636 6.3132014 3.5714002 13.107771 -1.4754217 -3.9543626 -2.0131218
C26H48NO7P+H+ -0.22467943 -1.7136682 -1.8165303 2.4238245 3.6325238 -1.5218371 3.518762 -7.662291 1.2578574 3.2385323 3.1294897 -1.8727131 -0.94100106 0.9383423 -2.4838512 1.1808949 0.16388087 0.9557323 1.5314391 -1.6658965
C30H46O7+ -0.1308823 -1.6048148 -1.6852113 2.272719 3.4010117 -1.328466 3.4790483 -7.2631626 1.1805587 3.215028 3.088535 -1.9026673 -1.0221975 0.7108996 -2.553164 1.1289905 0.5034927 0.92857176 1.4651117 -1.8145564
C26H45NO7S+Na+ -4.966002 1.7297125 -1.7565575 3.2534935 0.6693494 -2.2266397 5.3635163 11.609288 -0.31192303 9.927698 12.247236 15.1716585 -0.018191751 0.38896334 5.3748355 2.1502383 8.132394 -1.1816734 -2.8617787 -0.6976346
C28H56NO7P+H+ -1.193008 -1.8338028 -1.4145274 2.0954854 4.8501563 -2.15097 1.7345144 -6.6938767 1.0865048 -0.8974364 -0.8223293 -2.0612698 0.47991288 3.6110373 -0.2753119 0.7066055 -4.247376 0.30653697 1.2549454 1.83706
C45H78NO8P-H- -1.4032891 -3.3343143 -2.9216573 4.228926 3.4293168 -3.1054513 1.7452047 -6.4906845 2.6578293 3.8670235 5.8745313 -8.344069 0.028820638 2.3968046 -4.535284 0.77832675 2.7207692 0.056407757 -2.535256 5.122121
C32H49NO5+Na+ 1.148324 -1.822781 -0.17845535 0.76306486 0.32323977 0.4282045 -0.22616643 -4.0910835 1.4546916 0.5993519 1.178048 -8.548331 -0.74466777 -0.3348418 -4.435326 -0.18738453 2.0728137 0.35211352 -0.6110558 0.636779
C24H34O2+H+ -4.7506423 1.4923793 -1.7501029 3.923894 2.4283876 -1.5982912 7.6374235 9.122954 0.50966537 12.002752 14.236887 14.139523 -0.91272557 0.6094972 3.8334508 2.8622355 9.61664 -0.8215217 -1.7697622 -3.6060047
C41H78NO8P-H- -2.0741613 -1.5162594 -2.5135567 3.3614044 3.255787 -3.1033027 2.741299 -2.7766664 1.3570875 3.8921547 5.1263924 0.16983011 0.29417896 2.125409 -0.44778347 1.1216574 0.7151952 -0.06771605 -0.92729545 2.3456469
C13H24N4O3S+H+ 4.6677217 -2.7256312 7.3363295 -6.7898116 4.267705 8.208655 -8.976719 -15.339723 0.07329798 -22.952936 -26.135319 -22.807034 1.3765697 7.3368487 -3.8458054 -2.4914486 -15.037718 0.43723828 4.667479 3.0011086
C34H34N4O4+H+ 0.52215147 -0.61207056 -0.19165353 0.03401349 0.8772115 -0.19193533 -0.5981455 -3.2331574 0.49014762 -1.9270906 -2.245304 -3.6145964 0.22916257 0.7654417 -1.1239794 -0.27275807 -2.682519 0.21378908 0.7641378 0.44221663
C27H54NO7P+H+ -5.489188 -1.6226811 -4.604604 5.679293 8.518848 -7.2587504 4.1996727 -3.5216208 1.4877458 2.6684008 4.237534 7.294933 2.8744454 7.914632 5.733605 2.028555 -8.375042 -0.7967593 0.12668693 6.3073726
C24H50NO6P+H+ 0.44785324 -1.9934899 0.4471992 -0.039661065 2.8070145 0.15714031 -2.3511891 -6.799769 1.3223126 -5.4927406 -5.3384395 -10.017192 1.0988457 3.6016169 -2.0258038 -0.5482649 -5.6758733 -0.028032722 0.55454385 3.6804578
C39H76NO8P-H- -1.3972639 -1.1725383 -1.7395128 2.3781676 2.28006 -2.1507614 1.7374592 -2.2888598 1.0336083 2.499756 3.3936253 -0.6462284 0.24087475 1.5786262 -0.59241456 0.7214751 0.39855665 -0.035781063 -0.7111854 1.884886
C20H16O7+H+ -3.2849944 -1.7159868 -2.3651214 3.682845 5.269653 -3.5663257 2.777521 -2.9690723 1.2930228 2.1785216 3.5558796 1.4171114 1.2023365 4.5670667 1.6614213 1.3681785 -1.8599367 -0.45001587 -0.85046 4.0032034
C31H42O9+H+ -1.2688204 -2.0298402 -2.4720576 3.3466012 3.9088361 -2.970066 2.9057004 -5.626917 1.7390975 3.2671406 4.220624 -2.3321345 -0.07587953 2.0083535 -1.7292594 0.98532814 -0.78336567 0.33386502 0.19826718 1.3908353
C25H31N3O4+H+ -5.2656145 -4.71183 -7.715024 5.250941 30.20568 -15.581541 1.5349058 -42.93751 2.7807472 -24.455708 -29.224253 0.9290886 9.517477 26.787184 12.912956 1.3617338 -64.55475 1.6006241 18.122683 11.760878
C29H41NO7-H- -0.7977415 -0.7288982 -0.935349 1.3853244 1.0426457 -0.9585758 1.0803053 -0.907485 0.63802534 1.9350126 2.5865026 -0.80149394 -0.042035773 0.6622934 -0.73957866 0.45893648 1.436339 -0.034609277 -0.76411 1.0417523
C15H10O5+H+ -0.6401791 -0.89176905 -1.1474217 1.2462856 2.5730476 -1.7493706 0.7105361 -3.7373362 0.6826242 -0.5263623 -0.51370347 -0.9354404 0.5524855 1.9885366 0.14560972 0.27720982 -3.6698847 0.11115052 0.89309514 1.2250886
C24H51NO7P+H+ -1.2310075 -0.9906666 -1.6903242 2.1421676 2.4840474 -2.2185464 1.9960344 -2.5162547 0.84585977 2.225682 2.7897792 0.35247764 0.15762763 1.4640602 -0.12845804 0.7253249 -0.56084543 0.07886602 -0.017918942 1.093716
C16H18N6O5+Na+ -3.206353 4.4541764 1.2661737 -0.38299382 -3.0265956 2.3236592 3.8999853 17.151758 -2.0567086 8.053546 8.993569 18.72457 -0.61569893 -2.250936 6.825234 1.6756846 10.552487 -1.3847995 -2.1735091 -5.5062127
C32H66NO7P+H+ -1.1980784 -1.6385481 -2.1641908 1.7557374 6.6963396 -3.8468976 0.6331322 -10.369636 1.0677646 -4.281096 -4.948647 -1.3944358 1.8495449 5.686997 1.6465281 0.38599327 -12.787424 0.4392038 3.455225 3.1150866
C24H29NO9+H+ -3.3344378 5.168423 1.5103256 -0.90827847 -2.1918314 2.4640648 4.065099 17.091602 -2.6425004 6.719688 6.9964776 21.80945 -0.22290285 -1.4227695 8.844015 1.8019196 7.7107673 -1.3813273 -0.9734186 -6.2195845
C18H33NO+Na+ -0.21548624 0.05300776 -0.046503745 0.13629878 0.2503808 -0.0037632436 0.24700862 0.1145582 0.020532208 0.22238332 0.28058746 0.46222058 0.074151345 0.24595077 0.2799603 0.12462311 -0.036186095 -0.05916611 0.079179056 -0.19387873
C15H23N5O3+H+ -1.2077839 2.920264 1.7342975 -1.3163683 -2.9347029 2.414404 1.2669141 11.026765 -1.2749591 3.3801699 3.7648354 9.151585 -0.598401 -1.9748745 3.3445191 0.5284264 6.3358545 -0.786878 -1.0231727 -3.9742532
C15H10O4+H+ -0.92614883 -1.0786173 -1.6687565 1.8170296 2.9433534 -2.3788438 1.2952021 -4.024673 0.813134 0.42566255 0.6087177 -0.46484768 0.5336405 2.0062134 0.053640515 0.4363802 -3.4064043 0.16851293 0.8058245 1.3544023
C12H22N4O5+H+ -1.1988442 1.1474288 -0.03463754 0.09288896 0.59533775 -0.14338666 1.2026032 3.0545707 -0.54799515 1.0797472 1.0536491 5.950147 0.30626562 0.6680586 2.8324604 0.56477094 -0.20545968 -0.35010415 0.28755516 -0.98671144
C21H26O4+H+ -0.6809194 -0.22618951 -0.8214857 0.7945901 1.4852078 -1.3171183 0.73268414 -1.4110717 0.22582226 0.060186837 0.03348149 1.187259 0.41337988 1.1460385 0.82500947 0.22560513 -2.420462 0.01613485 0.66015816 0.49450052
C25H30N3+ -0.12511235 -0.044213783 -0.20180924 0.20798972 0.25680175 -0.210947 0.23782897 -0.20221886 0.06616141 0.28817588 0.33291805 0.24233878 0.0021153013 0.14359462 0.07153584 0.11659393 -0.030462723 -0.0020420933 0.024053434 0.034199577
C19H19NO3+H+ -0.38248485 -0.23451892 -0.42255637 0.5086186 0.7321193 -0.5664015 0.4188478 -0.6846745 0.18712077 0.29727167 0.44231617 0.09019673 0.11668269 0.5343999 0.13461678 0.1770313 -0.4652752 -0.009487637 0.019832868 0.43180022
C16H28O8+H+ 0.9425103 -0.08034476 0.87143624 -0.84956306 -1.0578622 1.3236576 -1.0634701 -0.06586412 -0.03784127 -1.0333824 -1.1584718 -2.6887336 -0.28829286 -0.75525594 -1.222221 -0.39162952 1.0184022 0.07240928 -0.23396236 -0.28813264
C30H26O9+H+ 0.046269357 0.034155764 0.07896598 -0.10932736 -0.03911157 0.08932933 -0.16150275 0.04259672 -0.013938587 -0.31336588 -0.34386304 -0.18327081 0.07935373 0.0726753 0.06304574 -0.030437663 -0.21755013 -0.01105412 -0.006607444 0.08955977
C15H27NO2Si2+H+ 0.0515386 -0.21255559 -0.0738942 0.12349772 0.29522032 -0.094638765 -0.02396363 -0.6848611 0.1299165 -0.18992352 -0.17836244 -0.6513624 0.06121379 0.22590989 -0.22167096 -0.023854967 -0.3741682 0.015851814 0.095368326 0.23179193
C24H30F2O6+Na+ -0.43276927 0.37979552 -0.034061186 0.14454977 -0.1435293 0.06307757 0.5516853 1.4813673 -0.14653152 1.0157032 1.1783912 1.9290231 -0.040773097 -0.15973157 0.6255722 0.24160126 1.1235117 -0.105814844 -0.27341148 -0.42947388
C15H29NO5+H+ 0.3287429 -0.15430683 0.04736328 -0.11283768 -0.112697735 0.09834618 -0.27526107 -0.68466175 0.091342665 -0.3774186 -0.4150829 -1.1989841 -0.036364954 -0.10525376 -0.5691277 -0.14605051 -0.1622786 0.08153739 0.068299465 0.043511618
C16H33NO3+H+ -0.009033716 -0.028805848 -0.015785849 0.04670862 0.01616901 -0.046960447 0.04794325 -0.0328037 0.025937174 0.0547489 0.06654984 0.06225109 -0.0057491306 0.015329163 0.018782768 0.03241904 0.019450136 -0.010204784 -0.0057911193 0.021649115
