69 20
C7H15NO3+H+ 8.65941 3.8333955 3.069343 -6.9323263 6.001258 -13.814972 -5.9278536 -0.25727674 26.55286 -2.5929492 -3.2806423 -4.3709784 4.7686872 2.252088 -10.879808 -7.515703 11.786595 3.0498962 19.298908 -14.655358
C15H22N6O5S+H+ 10.877083 5.500971 10.786759 -17.501427 8.182988 -4.3012624 -8.723881 5.0987334 30.190813 1.7973309 -0.572596 1.3625556 4.5332513 0.9520103 -4.1811333 4.5987287 7.7978745 6.500077 19.715961 -5.259904
C24H50NO7P+H+ 12.915403 3.139475 4.2985673 -15.264333 -1.3359598 -11.610479 5.0836987 -10.788489 26.453297 2.2853043 -4.9804435 -4.413004 17.759298 1.3347135 -0.792288 -9.806551 8.021574 -2.0038326 19.04222 -8.175374
C4H9N3O2+K+ 6.432571 12.749464 9.975924 -21.085043 0.925183 -4.4733605 -2.489739 0.4863931 27.59127 5.7325344 -0.8433089 -0.7861026 9.765519 -4.6114073 -12.243933 -0.08077494 17.350307 -4.999289 8.462739 -11.328298
C9H17NO4+H+ 18.350676 9.693247 4.312512 -4.3289065 4.2511673 -13.242893 5.4125953 -1.2324282 19.66635 1.2079679 3.604547 -3.0268705 9.281572 -9.626646 -11.1792755 -1.6471028 15.0608015 -0.33903757 9.245593 -0.15524246
C10H7NO3+H+ 12.001247 9.349391 9.978165 -19.409447 5.983152 0.7883889 -2.616087 -2.75427 22.371475 0.11297666 6.3475027 -1.103511 8.777764 0.23615056 -18.827765 -1.5589123 4.7234545 -3.0160558 12.073344 -7.131741
C11H21NO4+H+ 14.4898405 1.7839297 10.173416 -7.0708976 5.8747654 -9.849469 7.5487137 -1.0485762 27.06073 4.500853 5.080972 -8.292246 15.095965 4.0710273 -9.187951 -7.714748 9.7428875 -6.15331 10.398134 -9.14776
C22H22O7+H+ 14.552308 1.0642372 0.24623862 -15.244816 0.046866566 -16.361153 -1.1758499 -8.330082 29.59453 0.88749844 -1.2807647 3.294636 22.77365 1.86999 -8.186635 -7.4903436 13.431549 5.791537 5.9041305 -4.333665
C10H7NO3+Na+ 23.953106 5.25761 5.5657454 -25.072426 7.855253 7.9267564 -7.311231 -2.0183656 19.402668 -3.8239822 -3.9599338 -2.9998448 2.0194056 4.4123406 -10.344567 -22.468979 12.191777 -0.43695033 16.949951 -9.572934
C8H20NO6P+H+ 13.58947 2.1918933 9.558126 -18.382637 -5.043526 -4.6834397 4.1414084 -0.43261233 27.91366 -1.2536389 0.17296375 -2.6678922 7.6958838 -4.5861464 -4.4648023 1.0862372 4.772374 7.7878556 7.150673 -3.5513191
C10H7NO3+K+ 6.9897127 3.1753972 7.4868836 -24.557484 9.828213 -4.44451 -8.830775 -8.337444 22.213593 -5.191039 5.3038363 8.6331835 13.475839 -7.0121427 -17.258394 3.6171954 6.443832 -2.2095728 18.180523 -9.141843
C11H20N2O3+H+ 0.6748619 10.626162 -0.26040456 -17.749374 4.9407463 -17.05494 -9.508273 3.8125763 27.519403 1.548421 4.748878 -6.0504827 6.5941815 -4.857415 -8.282681 -0.48679706 19.110258 -1.4014003 14.706895 7.164133
C8H17NO2+H+ 13.1764765 1.3994623 -8.046377 -16.102268 9.917705 -12.191697 -0.9971502 -13.488318 27.752882 1.0100502 -0.098260716 -5.600215 7.5263414 -6.410333 -7.620961 -4.63047 6.9766603 -0.28349316 14.038002 -16.973057
C10H11NO+Na+ 7.2957253 10.302281 9.4662695 -21.701328 16.832605 -9.458785 -8.452694 -10.239197 29.63128 -11.820746 -1.3489736 -0.482337 7.337007 -3.1807253 -4.388351 6.184296 2.1949594 9.262813 -3.0671265 -11.696481
C29H47NO4+Na+ 3.4820147 2.836717 -0.51435524 -4.208429 1.0252044 -1.0655221 5.331919 -3.3769524 8.379006 0.09662686 3.2684057 -10.591931 3.8039134 -0.38132796 -2.8291788 6.4961553 11.185574 3.145842 4.241793 -3.9035854
C9H20N2O2+H+ 15.244787 5.555441 3.3830276 -20.427681 -1.1584207 -8.037961 -7.003746 -11.121607 38.66895 -4.0751634 -1.5007135 -9.104199 13.646841 3.059182 -10.585662 1.0355191 16.315107 5.3573184 4.727015 -9.730401
C7H15NO3+K+ 9.308996 -4.3600674 7.4169607 -34.35424 1.7734412 -14.632771 1.1535599 -9.9960575 22.504465 -5.0523305 -2.9112194 -3.6295886 6.5865006 -2.137889 -20.545685 0.79865247 11.393093 0.33435625 5.8550215 -7.573023
C26H50NO7P+H+ 4.031181 4.7778735 9.168865 -19.38829 -1.2818561 -3.5877178 2.790319 -3.195657 14.4657345 -6.7912292 2.1367445 -4.294292 -0.1312983 -9.677122 -8.338239 -5.3433456 4.603463 -2.348202 1.2861445 -6.041652
C13H17NO3+Na+ 13.349501 11.008405 9.049942 -22.324356 6.1070614 -11.22856 -4.9771476 -4.9532843 28.6112 -2.6348372 1.2237922 -0.43731043 13.057345 -7.6952543 -14.366137 -2.3804376 13.801475 2.2745624 13.122333 -9.388141
C10H16N4O3+H+ 11.708043 15.949341 5.0429316 -10.416096 8.979636 -22.600443 3.7892334 2.0761685 33.1134 -16.638515 -0.210632 -6.0477414 12.583176 -14.007191 -1.4866802 -9.671198 30.44589 5.3702893 7.5366864 -2.5457144
C8H20NO6P+K+ 21.604292 16.936285 14.694087 -34.377106 8.415739 -13.542027 -9.726432 -8.985551 42.97029 -3.9387126 1.7382694 -0.05653036 17.97189 -10.715964 -21.396374 -6.1398263 19.288916 3.8835857 21.258644 -12.088623
C26H52NO6P+H+ 1.1073922 14.036017 7.3875 -20.727652 6.821967 -4.771722 2.8816125 -10.780713 26.523548 3.026732 1.2841 -1.9887846 0.8970015 -2.4176674 -2.5789175 7.0576077 10.433585 -2.8419147 11.636753 -11.066041
C10H19NO4+H+ 11.669082 8.82738 8.760969 -17.259 -2.196091 -12.786933 3.360518 3.890772 30.314882 -7.8887076 3.9158678 2.3514614 15.883143 -8.527994 -1.8753942 -1.4353788 15.792909 7.034404 2.0096354 -8.794091
C8H20NO6P+Na+ 14.4056 7.229501 10.382648 -16.780216 4.4034657 -3.9586203 -3.6871123 1.0117471 20.686869 0.038634576 -1.6415459 3.525267 5.143636 -5.6886873 -11.138685 -2.084243 5.168006 4.8673077 8.417642 -8.2958765
C10H11NO2+Na+ 3.7024772 10.1319 5.4024897 -2.4762132 5.7769814 3.4972003 -6.4599757 -3.8256948 10.375348 -6.547857 -4.4066815 -3.5515225 7.781304 -13.445722 -1.293912 -6.6288776 14.970098 5.4693913 8.517941 -9.545714
C37H68O4+H+ 8.872325 5.5215282 6.9842544 -7.3224487 0.58180505 -1.4880784 -10.675626 2.6744423 15.285725 -6.6410403 -5.9905806 2.553166 4.2484097 7.13582 1.7184184 0.05944542 2.621829 2.9365566 1.8614187 -3.8334274
C7H6O4+Na+ 14.676829 7.2557907 9.182737 -21.36605 5.4881167 -10.649158 -4.5692377 -3.7707078 27.347141 -3.4377594 3.0108106 0.051382355 13.318185 -9.332132 -10.681126 -5.49925 13.963616 2.6497462 11.614902 -10.324273
C15H28O4+K+ 13.480247 4.741517 4.8664227 -18.72045 8.312916 -7.538213 -1.5325444 -6.65956 31.996685 -3.2986007 1.4645982 -3.1717737 16.409708 -5.826034 -14.413997 -3.3976848 13.124404 5.9547358 19.54297 -10.145234
C35H66O4+H+ 3.2984157 2.6411693 -0.23231852 -5.462307 2.258771 -1.5744686 -2.6014318 -14.636606 12.364936 -9.250981 5.51489 -1.142739 13.558132 1.6514525 -8.071015 -2.410235 1.7872062 3.9299378 20.944666 -0.7195139
C7H6O4+H+ 15.002564 7.4105024 10.292253 -20.916 4.3327546 -10.161692 -5.603372 -2.0923924 26.879217 -2.9756682 2.0243838 0.66886663 11.669346 -9.642049 -10.341431 -4.787116 12.594334 2.3287175 9.844471 -11.120844
C22H24N2O2+H+ 15.070093 5.923815 8.560034 -20.224215 5.1744933 -9.923951 -5.0557437 -0.95505786 25.512844 -2.913815 1.7959368 0.4860107 10.523392 -8.884188 -8.56863 -4.355821 11.055167 2.8605628 9.3612 -10.664152
C18H24O3+Na+ 17.914728 6.1086755 5.9473467 -21.984007 10.678998 -12.421081 -1.5365827 -4.967202 41.20204 -4.628736 -0.4463849 -3.3167558 17.552128 -8.161613 -14.857673 -6.9197373 18.340214 6.6927543 20.626587 -11.849597
C13H8F2O3+Na+ 15.362216 5.699318 8.647248 -20.275154 5.5121512 -10.686584 -5.250402 -1.5026258 26.121367 -3.2568216 1.5052433 0.81575155 11.082922 -9.252936 -8.661222 -4.039648 11.968737 3.181966 9.779212 -10.751462
C23H45NO4+H+ 19.468157 3.5934048 -3.7337215 -5.671994 -0.6613688 -15.352901 -6.0814896 -7.754766 17.014557 -2.769488 10.992798 -10.180378 3.7777293 3.918924 2.0843933 -8.462039 -7.6397524 4.042059 12.988631 -8.041569
C11H8O5+H+ 12.086225 5.939423 7.988279 -17.570087 4.5832143 -9.732948 -3.0914657 -1.1006553 22.5845 -2.5372128 1.2566925 0.9992965 9.2907295 -8.354695 -6.002077 -3.2694862 11.486914 2.3764381 6.6379375 -10.129854
C14H10O6+H+ 15.679028 7.510547 9.70287 -22.620949 5.678017 -11.702119 -5.677565 -1.7407435 27.864145 -2.9841933 1.7736343 0.49403915 12.284844 -9.900191 -10.244728 -4.4393997 12.194983 3.0545275 9.2991495 -11.3001995
C24H32O5+Na+ 7.007932 10.974859 -1.7973038 -11.46964 10.903886 -3.3459177 -2.9518337 2.2566612 14.376197 -4.420196 4.457895 2.3285599 9.860122 3.0308435 -10.812084 -2.8526845 4.2125325 1.941336 9.661627 -0.18560314
C15H10O6+H+ 12.88216 5.7935266 7.8358784 -17.422598 4.8570085 -9.540871 -4.565798 -0.03920813 21.568808 -2.443015 0.90860295 1.6827692 7.9564657 -7.7537656 -6.1968403 -2.7352347 9.694248 2.4513142 6.5669055 -9.920359
C37H66O4+H+ 16.53093 -2.8157234 16.753183 -17.956379 4.49821 -7.5578737 3.9595735 -6.0187283 13.92025 4.2717643 4.3957677 -12.248461 4.0711045 -7.249519 -5.641978 -2.7415686 6.585118 -7.490301 16.833742 -0.3498671
C10H14N5O7P+H+ 12.978391 6.5966597 8.852176 -19.64122 4.1772404 -9.064825 -4.727688 -2.3364336 25.869593 -3.0912993 1.3680552 2.061169 9.732393 -8.483225 -8.573525 -3.8828566 12.739845 3.1077988 9.825954 -11.364973
C10H15N5O10P2+H+ 12.366039 4.675515 8.00052 -17.09532 4.3899407 -8.522031 -4.1124883 -2.9832246 22.659618 -3.5894468 2.1072888 1.3350857 11.138176 -9.052752 -9.69439 -4.024315 10.884285 1.9534534 10.613465 -9.518743
C15H16O9S+K+ 17.911982 4.83101 5.4152694 -23.579224 9.941105 -10.536193 -3.315893 -5.5334787 34.877964 -3.1228573 0.88552827 -3.5702825 16.88395 -4.993344 -14.8274975 -3.6613433 15.912735 4.097362 19.666407 -10.254058
C12H20N2O3+H+ 5.0066366 7.4586387 2.4538343 -14.556685 -2.8053384 -6.964924 -2.4347243 -6.4350796 27.416111 -5.7674475 0.18742368 -6.2961216 6.565005 4.51407 2.2932627 3.9481776 0.6795196 9.272839 3.6537929 1.3239889
C25H49NO4+H+ 16.363142 10.23189 -2.199686 -18.996716 6.6409764 -2.3560433 2.5546453 -5.0604415 34.396976 -10.824505 -16.679968 5.0176086 3.7127519 -8.571183 -11.28288 -16.074978 4.6333117 4.5786257 25.152529 -5.4870076
C9H14N4O3+K+ 3.0373166 5.725857 13.24441 -14.716557 14.078463 -23.66035 2.605013 -2.6300318 39.868137 -3.7712011 -4.623246 -6.5440464 2.9247048 -6.6821003 -8.5623 -5.677076 21.043695 5.880374 7.849365 -5.392512
C26H52NO7P+H+ 12.994635 1.9554559 2.497784 -9.512192 6.190896 -6.851395 -1.8625098 -5.830439 10.922419 -5.306293 3.6100364 2.5920491 10.411303 -9.163542 -3.9630744 -13.630598 13.664417 3.9567904 12.187991 -0.92256564
C24H50NO7P+K+ 7.212952 7.0040503 1.8816782 -14.079718 8.227644 -10.689739 -0.5965211 -9.930976 25.220692 -4.7431073 1.271526 -5.020264 15.524145 -4.803433 -13.724271 -2.2413807 12.467693 1.7327728 18.0925 -3.0286937
C17H14O10+H+ -9.647814 -2.334997 -12.308592 -1.5425569 -2.3410227 14.910739 -10.638941 -10.892601 2.5072079 -1.6160828 9.017818 -5.362982 1.2624446 13.163337 -15.031294 -5.9157815 -14.500189 0.46728662 18.541445 14.724908
C10H16N5O13P3+H+ 17.18597 4.7886767 6.1008635 -22.810898 7.3408537 -11.538647 -5.245413 -3.7473059 28.936655 -4.1616 2.9285076 -1.2111777 13.302629 -8.393667 -10.457059 -5.110784 12.964989 4.3086076 14.245254 -10.200544
C9H14N4O3+H+ 10.807656 1.9696879 3.6335373 -14.406137 4.9739347 -7.1552033 -1.4821222 -3.3825943 22.213245 -3.5081635 1.9372619 0.05204373 9.000153 -6.341221 -6.491922 -4.090603 11.383422 2.7239153 11.425998 -9.111591
C11H21NO5+H+ 11.729593 7.7634954 6.3441567 -18.597378 7.5289435 -11.231853 -3.4368737 -8.160448 25.208136 -3.372064 2.7359664 -2.7867682 17.904016 -9.177273 -14.78359 -2.1273232 12.28326 2.0145116 17.79109 -6.2429957
C9H15N3O2+H+ 17.216492 8.062203 9.983612 -23.669632 6.63358 -11.775112 -6.75044 -2.7206848 31.861372 -3.6201344 1.2299052 1.1085429 11.478085 -9.174823 -11.869912 -4.5306797 14.007923 4.6886134 13.329606 -12.6638975
C25H47NO4+H+ 17.60536 15.948714 1.1962992 -14.836033 9.097552 -10.73745 -1.1234019 5.6339927 28.905298 0.907483 -2.9331398 1.9226065 2.1754603 -11.975749 -9.089876 -11.367583 6.1258383 11.690021 13.385991 -17.667856
C6H12O6+K+ 10.573326 10.798474 6.9436026 -22.092638 4.86646 -8.010526 -3.6672764 -5.0624757 30.337358 -4.1577015 0.21564737 -0.040649068 8.612187 -4.3269534 -7.2895565 -3.3691733 13.377896 3.1170154 10.041706 -8.755693
C28H33O14+Na+ 8.559166 -5.007325 1.8394973 -13.041386 6.256906 10.157715 0.5310573 0.113815635 10.7494955 0.5978208 11.7009325 -8.964806 13.051024 -4.3857746 1.2600027 -15.496366 -2.210154 -14.174499 9.572123 9.546829
C21H22O5+H+ 13.8427925 10.020456 6.7316527 -17.813883 9.607487 -11.52842 2.7373233 -1.3131032 23.473644 0.9737981 -7.122209 -0.98977846 8.571054 -10.823168 -13.262167 -2.2564209 29.353918 4.11388 5.4162292 -11.512134
C26H30O12+Na+ 2.0994143 -7.2948103 -0.8980214 -6.2224727 3.7589035 17.968786 0.17259817 9.811414 12.461182 10.440456 5.7126293 -5.463505 18.680754 -4.6853538 -5.0930357 6.036426 1.6075834 -4.777194 16.506008 12.416955
C9H8O4+H+ 6.1404696 -1.1346315 3.1212785 -5.41204 1.6434628 -4.6292367 -1.1349181 4.570529 3.544099 -0.18848187 0.88476473 -0.9426915 3.9903777 -4.8330183 1.3209774 -0.47948346 1.1634536 -0.04486981 -2.0038338 -3.868703
C12H22O11+Na+ 14.417439 2.2538295 4.440158 -15.948372 10.504898 -14.171832 -1.7502718 1.2982118 29.107582 -5.970793 -3.4748456 -3.251171 10.887318 -3.9888573 -6.368523 -2.0094848 11.357715 6.0407643 6.8645883 -12.601295
C21H36O3+H+ 12.492872 3.3960748 10.936858 -16.997408 4.261477 2.6933525 9.111216 -7.2405863 23.252016 -3.1357965 -1.7426206 0.82776624 4.1667933 -6.812402 -11.335577 -4.75667 -9.5030575 6.740166 4.980608 -2.624115
C13H13N3+H+ 0.84696686 -1.134523 0.18983659 -0.08942454 -0.25599718 0.62409806 1.046306 1.533622 -0.62367475 0.16904935 -1.0836914 1.4253844 -3.5409992 0.83704257 1.4925107 0.6337887 -0.75097483 0.19002065 -0.6143981 -2.1043122
C14H28O7+H+ 4.523721 -3.5982718 -1.4629782 -2.1136448 2.5800593 -2.5226421 0.51884925 4.4791408 2.7346938 0.15212438 0.41303828 -2.1223042 0.99366325 -0.75018793 2.8922505 -0.7416181 -0.01866902 0.6687349 -0.6646736 -2.338963
C12H22O11+K+ 1.981205 9.1609 -7.5336113 -12.938475 10.235632 -13.363504 -1.1767653 -6.7232256 29.045067 -8.387128 -0.51404184 -7.3346233 11.515118 2.5163386 -6.562333 -0.7111623 6.33816 -0.93655664 9.344639 -2.9821453
C15H18O10+Na+ 2.6291203 9.489668 -7.407905 -14.646541 10.45562 -13.516042 -1.5604186 -7.1642013 30.95333 -9.225972 -0.32353896 -7.668494 12.064936 2.4289434 -6.2543254 -1.0071313 6.8537126 -0.47567627 10.159397 -3.6562028
C47H69O8P+H+ 4.2787805 -2.8555074 -1.2621253 -2.0595615 2.9278202 -2.8010345 1.2160394 2.4390595 0.97847426 0.20483021 1.950701 -4.568396 3.6637266 -0.89075357 2.1022964 -1.4457879 1.1218641 0.42382917 0.029270293 -0.2579137
C35H64O4+H+ 7.251532 2.7585802 1.992569 -6.4282775 2.076293 -2.1335511 -4.6164947 4.376677 14.106407 -0.79868376 -4.1930866 4.113323 -6.9067545 0.45082617 -3.6346984 0.05206263 -1.0213392 4.186671 4.802035 -9.509679
C15H22N2O4+H+ 13.285361 7.396307 1.9980063 -31.716644 22.612972 -3.3728266 4.897783 -16.682587 20.750158 7.461649 -2.9026234 -11.400647 -7.7759786 20.785439 -27.584616 13.639269 21.691833 -6.2933307 14.783351 -3.309163
C18H32O16+K+ 10.66414 0.9074825 -6.0313287 -17.470747 13.4854145 -10.508531 -0.27756193 -5.8012137 40.621315 -9.203567 -3.049025 -5.422017 9.07306 3.4419963 -7.8120546 -2.693667 11.073777 4.5614047 16.661264 -11.655994
C29H40N8O5+H+ 1.0743431 6.797759 7.3453217 -3.6528533 -1.1052125 -4.77632 -2.590518 2.4496775 -1.050746 0.9063969 1.0741097 0.41890624 5.3439426 -5.594558 -1.4405255 1.3694892 1.3123394 -1.1742842 -6.3514466 -0.3376364
