190 20
C7H6O4+H+ 7.576825 2.2501483 -11.796422 -4.9161253 -11.251377 -29.765327 44.555954 47.50441 7.864194 -12.824016 -6.393269 -35.989487 -18.078846 7.647638 36.70492 -7.339458 -66.09794 45.59128 -6.831996 74.22878
C7H6O4+Na+ 0.91406864 -2.0131521 -14.031245 6.7749486 -11.586375 5.4246526 23.616346 36.624172 8.448889 -14.970053 -1.8041015 -14.713528 19.331797 -23.987663 -10.470709 -8.972767 0.42971796 -1.0396081 -0.9670253 7.52861
C8H7NO+Na+ 19.180296 17.553381 -9.55174 -12.079858 2.961201 -23.699305 20.356216 49.98386 10.703525 -3.9910176 5.60407 9.16637 -4.6156726 11.956548 -1.165829 1.3829226 -11.368521 23.054304 -8.028281 9.395585
C3H10NO4P+H+ 0.9488521 47.537834 -15.66102 -27.500618 -25.812502 -5.3502264 42.092594 68.71464 5.948357 -0.38964516 10.216414 17.332897 13.620761 -3.8429518 9.500872 -14.633 15.3562975 -35.39036 25.27763 -16.533133
C18H35NO+H+ 13.503132 12.186452 -1.6881008 -19.607628 -4.1328483 -20.006674 4.0443907 -2.3807216 -7.2782083 -18.206564 -1.0876737 16.784424 0.85806566 -5.733436 -17.97849 7.502716 -74.16113 43.7209 1.8090494 92.67788
C28H46O4+Na+ -7.7248144 1.8759484 -2.1464949 -6.38513 -11.16338 -1.089606 22.28319 22.98905 -4.3841133 -1.7253925 8.824123 19.644053 1.8344679 8.808018 9.784606 -2.861442 -18.089802 -4.4279456 13.663169 22.976486
C28H46O4+H+ 1.9601108 -16.149246 -0.8124918 -3.991021 -7.998423 -14.580731 35.97313 53.779545 -1.6772013 -8.989883 1.9420582 -15.491226 -14.066117 5.6396627 27.052011 -2.4811285 -6.2194715 9.036667 -10.334935 21.741488
C10H15N5O10P2+H+ 29.00014 20.479816 -22.348408 -31.649145 -12.672721 -12.479753 32.072205 34.091812 -1.3152002 -22.023466 -14.362446 -10.804133 11.872139 -12.684807 14.703529 -10.916301 -38.97687 41.154057 -13.761935 70.716156
C31H42O3+Na+ 27.753033 36.70944 -18.659641 -35.526184 -24.944935 -1.9996574 42.873425 72.69062 1.653824 -13.543561 -14.868194 -8.17486 24.48908 -29.643482 21.76577 -29.143782 -32.017014 8.202185 15.118457 61.665104
C10H11NO+Na+ 1.7549461 42.320118 -6.1746445 -34.409534 -10.518525 8.956966 -2.889308 -3.4344053 -0.50113434 -10.322044 -8.853002 -12.658686 11.289549 -9.930677 -9.400642 -0.96082926 -45.971287 4.353011 19.210863 66.8032
C13H17NO3+Na+ -6.001463 10.743565 -5.7319946 -2.1217904 -9.015756 7.2130127 20.348038 34.32119 8.684764 9.838629 12.84997 -0.24353427 2.7423186 3.8883386 2.483744 -2.3240168 33.752163 -8.238774 -9.348799 -32.71949
C8H20NO6P+H+ 0.107965514 10.095904 -6.905528 -7.908708 6.8665853 14.470505 -4.5828648 24.403587 6.9544215 6.5426583 32.98532 27.912674 -7.1214924 23.74666 -18.430357 18.766573 -10.944343 14.394592 -9.857792 9.761215
C7H15NO3+H+ 13.924755 19.099176 -13.596666 -17.485376 -20.393398 8.967105 35.215263 65.254005 -2.8336544 1.7002549 -11.040549 -13.902193 13.143037 -19.993362 12.109816 -14.415897 41.508507 -44.60245 14.147739 -35.959713
C8H17NO2+H+ -20.106777 5.38333 4.2068515 -8.43326 -29.766106 6.936591 43.893875 43.710564 -2.6994655 -0.8159505 -3.3495147 -15.956943 12.531524 -17.57175 -16.151577 -1.598842 16.024363 -31.38094 15.15026 -0.82876146
C10H14N5O7P+H+ -62.71349 25.453114 22.694088 5.5546136 -19.648413 13.341477 -5.4863734 -7.5479684 19.372429 -0.123505786 40.844658 29.666395 6.663891 1.8550375 -16.830719 0.15217516 -23.10499 -8.44879 20.318579 27.294981
C29H47NO4+Na+ -21.08218 3.0533757 14.7613735 0.36385596 1.0287937 20.833988 0.5335378 51.673954 6.046888 -3.097022 0.74836063 -11.830472 -0.323408 2.3969681 -26.563757 11.6062975 -2.4821923 -13.170695 7.9643283 3.9177835
C24H50NO7P+H+ 25.024792 19.599169 -26.804882 -12.549992 3.820466 29.288101 24.213894 81.83613 3.883923 -3.3069465 -46.108627 -87.04158 8.080937 -10.890957 -4.8388815 0.80340606 26.959652 -5.959038 -14.981532 -24.700354
C11H8O5+H+ 10.694844 0.9546369 -15.631191 -4.409556 -3.864525 -16.94301 9.994424 -17.674973 -2.2469404 -17.323927 -2.4178102 8.923722 6.05104 -6.4881406 29.597073 -15.193102 -38.146854 28.37232 -2.0795891 43.977184
C8H20NO6P+Na+ 18.631027 17.15557 -21.004452 -15.695818 -2.959529 19.355247 5.987192 4.9698787 -0.19386038 -4.3166504 -34.49168 -51.139946 10.595209 -15.302697 49.802467 -26.133556 9.295665 12.935347 -13.953298 5.707777
C26H54NO7P+H+ 0.034872517 28.320633 5.163222 -34.89056 2.8437188 9.02495 1.5252433 52.11577 -9.158424 11.171212 12.698824 21.143026 -30.026037 41.77645 3.6519113 21.398571 -1.950927 1.4517589 -2.328101 4.410209
C14H10O6+H+ 20.477833 23.416134 -12.110954 -26.714159 -9.585739 7.7365675 11.16456 23.453653 -7.011663 -2.9685836 -10.156286 2.530128 13.117894 -12.621506 -4.266112 -5.000007 -1.985703 -10.326346 9.806158 16.514847
C26H52NO7P+H+ -7.0104413 -17.049 -12.086542 17.519423 -16.47238 7.4791827 30.170208 7.7496643 4.377509 -2.2071362 -1.3320194 -26.30697 13.428145 -20.769001 24.493132 -18.609642 -1.9938176 -16.053421 11.257137 4.3747473
C26H50NO7P+H+ 26.066145 -5.619757 -14.972339 -9.675538 2.8393795 1.688604 25.47514 60.11291 1.0162569 -3.7018898 -1.5843059 -6.5400066 3.8279924 3.3844981 10.08185 -3.7728348 -37.088245 35.310898 -10.969823 50.862343
C18H12O7+H+ -20.755966 8.826194 11.604917 0.12458713 -15.896576 -19.417559 9.571042 -21.836903 1.4832293 -25.46724 -22.636492 -21.413605 12.922664 -29.651936 -3.2517436 -12.571988 -2.4684541 6.858448 -2.472612 24.230053
C8H20NO6P+K+ -49.87109 0.5023305 16.132307 10.737018 -7.987813 30.097952 6.0742817 24.109104 13.470369 8.810451 21.369246 -2.51275 2.030027 9.735285 -0.45286137 0.29717496 26.405796 -4.2492056 -9.873847 -19.51694
C13H10N2O5+H+ 1.8109604 -2.7476006 -11.506963 -10.337993 -11.4405 6.102266 34.280357 52.359234 -6.985415 5.450389 16.756224 15.506471 -4.3801236 18.260855 -0.9696287 10.201156 -28.10146 11.460029 0.885337 35.99735
C9H17NO4+H+ -5.052852 24.75922 1.6147659 -23.52561 2.502062 34.374496 -14.410967 19.899805 -5.2146745 1.9061192 -16.94713 -25.278803 -4.2924953 5.9867496 16.510775 -2.2933095 -15.175214 2.1828952 3.6650116 27.995369
C18H26O4+H+ 23.573048 -2.1602383 -25.55361 5.664607 6.313084 -5.149184 20.875809 26.316639 2.9914405 -5.2565312 -21.094172 -29.044634 3.9037886 -1.8048556 14.526425 -8.726223 -24.041975 34.032494 -13.385803 13.067247
C24H50NO7P+Na+ -25.462353 -13.931901 7.2192426 14.308682 -8.906846 18.077868 21.73481 53.12985 6.034798 3.44945 11.073654 -11.324806 1.3214337 -1.1492357 -1.2412623 -0.8790917 20.386236 -18.046665 -0.027125401 -17.498516
C5H5N5O+H+ -2.5450509 30.926664 0.27794698 -38.832897 -16.936914 -2.8407266 8.825528 23.37222 2.276718 -12.722641 18.265963 29.128176 0.20179345 7.0917945 12.373148 -1.7963177 5.156238 -5.536558 1.2973701 19.93509
C29H48O4+H+ 6.808688 3.2255821 -12.898449 2.3076854 -4.132076 -16.59889 9.3806505 -30.078032 -3.1242216 -10.443565 -19.030483 -3.8607454 12.35573 -13.19874 21.204979 -18.24372 -23.530722 27.391087 -3.7570891 26.07626
C4H9N3O2+Na+ 64.535446 17.461266 -51.77134 -16.258125 -2.8391984 -6.949468 33.060314 41.274094 5.717795 -5.1215463 -15.085283 -31.912256 -0.70554966 -9.915299 59.32741 -23.66125 -13.634696 19.36772 -8.6811 1.4752624
C10H13N5O4+H+ 20.379057 16.731485 -21.137127 -12.921703 -0.14278527 11.465774 9.497032 26.14243 -2.0797255 -3.069315 -6.4092627 2.4213176 10.145766 -2.5406342 -1.9554425 -1.5795618 8.921745 -8.379827 3.403672 -13.61922
C28H50NO7P+H+ 14.662581 17.799206 -14.382515 -17.443974 5.8365226 14.731315 15.410534 39.652435 4.0744176 -8.517832 -59.483883 -113.61022 -5.986112 -3.5920033 43.03671 -12.344533 -22.939495 26.155096 -15.382721 40.831635
C10H15N5O10P2+Na+ 7.256912 33.21722 -7.590755 -18.030226 -10.802455 10.170366 1.864699 15.879395 -0.9622997 14.849391 27.378925 57.07412 13.701396 0.66500396 -24.403162 2.1214283 1.7080818 -24.088701 24.755161 -6.7107196
C10H15N5O4+H+ 18.190914 37.150776 -13.16609 -27.934076 1.7185135 16.198935 4.695167 55.18673 -0.6373134 12.363037 5.5666027 9.140726 -9.061862 18.237238 -6.5732474 11.516039 2.077053 -10.392973 6.421527 -12.450557
C10H14N5O8P+H+ 25.180687 39.800926 -22.763033 -40.729664 -9.739438 1.9580102 18.01335 42.916054 -3.9024088 -2.2964897 8.479944 15.332922 -3.453177 10.374994 7.8344016 4.8448105 6.9583397 -2.9253473 -4.1225724 4.0080953
C4H9N3O2+K+ 10.415624 10.521077 7.0566683 -26.04223 8.410256 3.2696438 -31.167408 -42.80404 -3.2107315 -22.965637 -23.439322 -22.602182 -5.551539 -6.500772 22.089888 -4.5416813 4.168438 23.160824 -23.80223 27.152813
C6H14N4O2+H+ -4.8471923 36.99434 3.9614182 -26.608667 11.419832 8.773583 -9.316228 54.42623 11.630801 -5.5117764 2.7072728 -11.556979 -27.259209 33.63168 14.069486 10.779535 -14.650682 35.745083 -22.766605 16.175066
C30H50NO7P+Na+ -16.678091 15.116302 -14.872067 9.162027 -9.570729 39.602005 13.15851 39.13204 12.859265 4.481529 -1.3329619 -32.39286 12.454534 -10.651518 14.792082 -13.490016 27.756319 -25.344383 5.4004946 -39.06442
C10H26N4+H+ -7.787114 8.116724 -0.23784491 -3.950695 -15.298434 -5.236904 18.566418 24.351538 8.401506 -7.6072474 15.046861 3.458736 0.41141757 -8.360529 7.4890146 -5.8500233 -3.869329 -2.272085 3.533168 5.548167
C4H9N3O2+H+ -1.1151886 -5.804558 1.4613239 -7.353715 -2.5044327 -1.2620018 3.668337 9.931132 2.6941383 -11.363274 18.11376 15.377046 -5.3199563 3.1881728 13.115098 0.08332569 -7.5176744 2.4834244 -1.3257438 13.717696
C30H50NO7P+H+ -30.552366 7.6101336 4.0812235 6.6141596 -9.511385 19.8389 13.202962 18.658447 11.792061 -1.5033357 -9.417518 -59.904705 -1.1321582 -1.5709015 -4.9817696 3.050133 -44.17392 15.904514 4.597525 51.233562
C11H20N2O3+H+ 5.3572845 14.826755 3.7925894 -13.915014 14.283122 37.57992 -34.061802 -0.35234585 -6.8808126 7.6973767 -12.422028 2.8649774 10.762832 0.035060193 -15.896748 2.9421556 6.716818 -3.2574365 1.0136613 -0.0895901
C5H5N5+H+ 11.280487 -6.508692 -5.2550635 -5.852162 -2.9178152 -12.504581 11.113174 1.0825521 -2.4537604 -11.041111 0.85619634 5.523289 0.06790306 -3.3476808 4.1064153 -0.23252095 -8.402417 4.8126407 -1.0122246 14.169354
C10H16N4O3+H+ -11.910586 24.986 -2.2528198 -16.45869 -15.737017 9.6846895 4.178415 -25.631668 -0.2769692 -2.8558207 -15.528854 -31.969463 11.676577 -14.413582 6.984393 -8.357051 -16.012465 4.347979 3.5895393 37.705547
C26H50NO7P+Na+ -18.724382 15.121417 10.365387 -8.291952 -5.071825 10.248592 9.766196 46.13525 -10.221355 22.877628 28.596525 54.69287 -12.402491 33.147636 -13.569652 13.348882 -58.37027 -12.351823 42.235332 38.58961
C23H45NO4+H+ 19.030018 -11.135018 0.39636266 -7.5332537 12.607889 15.824173 11.020452 78.156555 -2.9902563 -1.0859883 -37.26737 -71.07308 -15.314629 2.9127169 8.909291 6.1598377 16.538727 -5.6621356 -12.002882 -12.538295
C30H52NO7P+H+ -6.045195 32.602657 4.2113 -19.57178 10.388483 31.905865 -34.0452 -10.434612 -2.1913733 1.4018153 -14.553786 -13.689893 5.632748 5.083861 -22.890125 8.9270735 -47.72706 14.464386 13.175244 56.370106
C10H14N5O7P+Na+ -2.5334296 15.680592 -7.5180106 -6.948185 -4.3858557 15.993839 14.688663 60.877987 0.9716588 11.164044 56.35521 89.09761 3.949189 20.55733 -46.345936 22.535767 24.833607 -21.09889 7.3160443 -43.2902
C9H15N3O2S+H+ 25.559238 12.247346 -8.9688225 -15.039508 10.160298 -13.129796 -10.378279 4.300272 -2.6925178 3.0047553 15.533634 30.829197 -25.726181 22.358438 26.355057 3.8649652 -13.881893 20.610807 -8.165217 -0.13904138
C10H12N4O5+Na+ -7.7942467 18.398462 -12.358963 -22.880247 -30.007042 -0.21593586 31.74714 -5.8169484 -10.468849 5.4184732 38.109146 58.23331 4.281408 9.081061 16.414288 -2.9561505 -43.58459 -17.531097 35.163204 45.759308
C25H47NO4+H+ 26.522121 -6.9273047 -11.076835 -10.297865 4.267124 29.810892 11.625546 50.379463 -17.651983 4.347775 -40.43205 -43.65268 7.9689817 -13.688276 7.2049527 -5.4160986 19.49949 -25.825176 7.3118153 -9.363435
C14H18N5O11P+H+ -15.399547 14.759505 11.42655 -8.415277 2.1371105 12.811858 -6.277764 27.28448 1.4288685 2.3563166 1.8969935 -3.7267625 -6.1499085 10.494694 -7.137391 6.4383755 -3.4020858 -3.8984416 2.7873337 8.195068
C18H24O3+H+ 0.2301235 11.5594 -14.446592 -0.4734935 -11.631612 -3.7813158 35.85707 45.886112 13.132168 -12.512956 -19.716452 -56.26096 4.911994 -12.55185 7.1014595 -7.8324327 -14.897202 27.158821 -15.685789 21.168465
C18H23NO4+H+ -18.578842 8.40744 -3.9070132 7.745345 -5.292679 16.693447 15.692 33.06216 7.63393 2.985604 -10.386777 -50.767063 -2.8740644 0.7294702 -2.4857357 3.4064596 -26.399813 8.721171 1.0761921 24.55556
C22H24N2O2+H+ 12.108532 1.7513622 15.124181 -37.184185 -8.923515 -13.6874075 20.647423 60.01384 -8.115381 -16.368713 0.17928042 1.0232983 -12.387753 6.506571 7.15179 5.5064034 -63.4204 34.919254 -2.2243145 107.43115
C28H50NO7P+Na+ -13.548337 1.7213472 0.9309146 -3.8583593 -13.0137 14.310495 21.137802 25.090546 0.73171526 -5.2091265 -12.759916 -33.602165 8.127079 -11.176771 -4.7592697 -1.3803318 3.9474435 -17.236542 9.028165 5.766173
C10H16N5O13P3+H+ 33.26966 -18.741308 -20.324074 4.7012286 17.089169 11.33559 -3.848847 18.515224 -6.8634176 5.0195374 8.351211 22.81432 -2.3788252 8.2646055 16.755661 -2.1412394 -10.076134 18.468681 -10.557609 -1.469593
C18H33NO+H+ 30.927664 24.368347 -21.220812 -32.237083 -11.794354 15.331565 20.245855 33.731335 -3.8460422 -12.60082 -37.369637 -62.069866 14.55717 -23.463793 7.2084923 -11.338493 -34.139378 15.53714 1.6005648 65.909996
C15H10O6+H+ 43.425186 -3.2381818 -13.812697 -36.74274 -15.364714 -15.30423 35.95273 36.34531 -12.832868 -30.158417 -41.00507 -45.40531 8.560222 -32.293877 54.26565 -27.400974 -11.263685 19.771147 -16.113668 66.230415
C18H29NO2+H+ 44.08177 3.4659162 -5.820204 -47.507626 -16.472105 -27.863262 39.33462 73.13286 -14.85441 -13.442276 4.044309 24.402575 -7.327007 -0.70593214 16.296734 0.0407231 8.19883 -21.193512 6.135992 28.625343
C28H52NO7P+H+ -21.053625 -21.734472 -2.3098397 20.925653 -12.626713 16.192284 19.191368 3.5847948 6.9401593 -6.508993 4.8931375 -14.565974 18.16825 -20.698298 6.7415223 -13.634403 9.441463 -17.211203 7.214585 -7.68417
C24H48NO7P+H+ -6.2712574 2.7440758 -11.357649 -1.4476926 -8.7016945 7.146578 24.424623 21.432266 4.5707912 -14.930442 -10.601386 -38.13816 0.69692856 -4.4482465 -6.280219 6.1068897 -5.7092314 -3.0857606 0.38561162 1.634502
C21H26O3+H+ 0.036027707 0.015685352 -0.09671769 0.046135042 0.016611088 0.083328016 0.02080425 0.01408291 -0.013467452 0.0383369 -0.09856514 -0.16343607 0.028306251 -0.050716102 0.08945866 -0.0381869 -0.067746304 0.025236273 0.008486255 0.03316482
C9H14N4O3+H+ -49.928474 17.908697 28.71689 -17.09886 -45.519035 1.4473417 29.533646 -3.0545535 7.269242 -9.178941 23.073961 13.947696 29.188261 -26.97715 -50.646698 3.6665313 -6.5254707 -31.065567 26.123318 56.48743
C25H49NO4+H+ 5.888892 -23.653236 8.414657 -9.160458 7.942566 17.234068 -9.280583 4.6763864 -15.859875 -1.380463 -10.753892 -0.21613337 0.99992055 1.0439148 16.937319 -3.7003198 8.724711 -4.5945435 -4.0571 14.674717
C22H22O7+H+ 27.600603 -4.76489 -21.83866 -1.8208001 10.624469 6.8165755 11.829489 37.779995 -1.1144052 -2.2680717 -5.3415904 -14.377738 -6.1911006 8.934415 4.315476 6.102667 -18.813414 19.162485 -9.702208 8.639384
C21H36O3+H+ 1.8793749 6.3920436 6.0172424 -20.275349 0.7423611 10.541595 -17.72442 -27.369091 -11.169377 11.399803 7.4434094 35.718857 -1.0670811 12.612928 33.50098 -11.157874 -0.33770669 4.583104 1.4213151 14.593904
C11H21NO4+H+ 48.96668 -9.526942 -32.834923 -9.505381 26.903708 20.071886 3.462859 37.056095 -14.172782 9.544224 -23.947742 -31.607891 -20.102646 28.633623 21.789118 12.124106 -24.255037 36.229984 -21.39762 7.0956597
C8H18NO2+ 10.263975 51.54013 -18.648052 -37.22135 -21.125013 17.658348 32.019123 65.99293 -0.038646583 1.0757024 -11.9744835 -15.745221 14.529205 -9.381838 1.899429 -8.887547 -3.981362 -1.5394379 3.8731215 27.818722
C28H46O4+K+ 0.005637656 0.014213416 -0.08063884 0.023812713 -0.0045461673 0.077307 0.008836952 -0.0031519716 -0.008552419 -0.009516698 -0.0679623 -0.10008904 0.018089203 -0.04260029 0.047836933 -0.008631364 -0.045257885 0.027803129 0.009151971 0.022185516
C7H16NO3+ -7.199822 7.163337 4.3151693 -12.386404 -8.221279 7.5806074 33.14692 90.5721 1.2635332 3.0946524 -3.0382442 -17.508743 -10.113305 11.64781 34.978184 -9.833953 28.996607 -3.640492 -14.003895 -9.213645
C9H12O4+ 2.1128259 32.21271 6.550098 -27.344694 1.8036573 4.6448565 -3.247917 46.238728 1.508232 -5.0764112 -16.62127 -21.027689 -6.992738 3.8977675 2.550839 -0.0066746892 -2.3623054 9.902562 -8.243803 23.226505
C5H15NO4P+ 2.7668054 -6.3628535 -1.2051438 -2.9420958 -4.8270335 2.4548867 10.501229 4.467795 -1.5935456 -2.4277723 -1.2810704 3.0015988 13.811836 -8.421151 -13.515654 -0.6907746 0.24838814 -1.6308529 0.39553913 15.941931
C24H51NO7P+ -8.368887 -1.0460713 -6.237807 11.834646 -11.02999 18.444704 23.538382 22.656597 1.6987824 -2.328484 -18.596598 -33.55614 27.54711 -21.061867 -31.277662 -5.339871 -66.89775 21.49794 18.284822 71.009735
C12H18O6+ -12.730066 23.726646 4.4780855 -13.1444435 -11.4299135 18.608845 24.938412 88.56086 -1.8149598 12.265514 17.799831 40.546177 11.065555 6.405372 -30.261017 4.69784 15.205923 -33.412903 21.444197 -16.947962
C21H41NO4+H+ -2.0150342 -2.719636 6.9678645 -4.9208584 4.9912043 13.773291 -3.2961998 17.315645 -2.5806787 0.117562495 -13.837348 -18.035202 -1.3502854 1.0299357 -6.227674 3.5877037 -0.5531798 -22.74435 18.871134 -5.08222
C14H16O6+ -5.8989177 9.957894 -8.743463 -7.3423285 -12.835957 9.411992 32.970657 50.741314 -0.954429 -1.812462 -7.924974 -17.404392 4.9026566 -0.5146088 30.482025 -16.20425 -46.631153 12.122319 14.273884 54.82149
C15H15NO3+Na+ -19.952791 10.041276 -1.3852203 4.999171 -5.778341 19.951105 13.56501 35.801083 7.492083 8.515394 13.793638 3.6950045 12.892962 7.75653 -26.956276 5.93509 17.062208 -8.380269 -0.35189414 -17.75078
C26H55NO7P+ -0.1739886 35.462772 -21.868944 -9.797736 -11.673453 31.056927 9.698728 6.9225774 3.8198838 2.0038736 -9.412438 -10.932111 29.13323 -13.760647 -28.955772 -2.4140656 -29.346676 11.342805 10.661266 36.39763
C21H28N6O4S+Na+ -62.75405 -12.070752 -0.4147211 22.158386 -25.505693 24.45211 17.12312 -16.245808 6.3995214 -17.266815 12.179417 -6.335625 25.341059 -20.952496 1.98929 -11.2851715 36.30657 -31.242348 5.645322 -29.352509
C26H53NO7P+ -19.108881 28.616121 -1.9711274 -0.021211334 -10.471766 2.8629138 13.138826 26.777735 16.340052 11.383702 24.329733 21.363186 6.676929 10.604622 -4.468903 -5.498057 -26.220675 -1.60878 20.437471 11.5924225
C9H9NO3+H+ -2.2901616 11.4661665 3.391357 -13.656081 11.985727 8.839244 -20.367912 -6.99021 3.459015 0.60048616 -20.489958 -46.56621 -17.715706 14.076819 34.55865 -2.621987 2.2169538 31.992086 -30.670755 17.70411
C6H15N4O2+ -25.0297 21.861948 23.72555 -24.115793 2.7837083 1.1409543 -14.550768 35.701927 4.515915 -2.4208038 19.903393 17.236486 -23.843075 29.427353 1.8168825 14.880278 21.944859 7.541737 -20.687307 -0.24130759
C25H45NO4+H+ 11.602238 -13.170816 -9.054958 12.402404 14.213611 25.677303 -0.7674641 21.91338 -2.9922547 14.122448 -18.222271 -30.653551 1.0827264 1.0016191 -0.6115247 0.85559267 7.731828 -20.836243 12.72692 -28.59028
C15H14O11+ -18.377003 33.07263 -5.176231 -8.034414 -15.694103 19.452528 17.57956 36.099403 0.4602229 21.275492 15.481481 17.031818 0.17836222 13.987704 3.4619586 -1.1861053 -12.156705 -27.105955 30.485273 0.72588515
C4H7N3O+Na+ 3.7909622 13.072768 -7.031817 -14.754731 -21.811432 -15.402139 37.794228 44.17737 0.22388798 -6.112065 15.886448 14.425406 -11.149868 1.0136666 38.74533 -12.025778 -6.6807494 -30.896416 25.04844 2.0292904
C28H48NO7P+H+ 17.08488 -1.1046999 -1.1361103 -15.639665 -0.29430708 -5.708276 4.602201 11.794913 -7.0472317 1.423658 3.2383723 22.441038 1.4922673 3.534995 18.137177 -7.8705015 -17.031727 14.4593115 -1.2047156 31.126999
C6H6N2O+H+ -13.096033 -5.2812986 -0.31898913 6.682173 -5.007567 17.504374 14.644122 30.669008 8.483919 -5.7922873 -10.806015 -40.355755 5.0681314 -8.225698 -2.0680184 -1.6032486 20.22907 -15.505626 -0.1807208 -21.332644
C17H12O5+ -19.943766 26.56947 -0.9417403 -13.765943 -12.466489 16.993273 20.49002 44.292183 6.0713224 3.9229574 12.401105 7.094514 7.348542 9.496359 -4.022711 -1.5644594 -35.03575 29.294827 -5.025282 57.58059
C27H44NO7P+H+ -47.10686 7.5699234 23.170324 -2.2133474 -31.8163 -7.630421 12.936781 -26.784859 8.44125 -17.388456 13.6966715 -0.4515661 9.292453 -21.696524 -12.601186 -3.0725713 15.205373 -38.055733 20.94421 2.3367891
C12H20N2O7+H+ 7.417621 -60.70074 12.873589 -2.9156084 -26.582596 -33.065647 67.67849 45.868492 -23.603212 -4.316429 17.968641 44.196083 2.664715 -5.920645 35.21339 -15.806209 -34.400066 6.025816 8.199676 77.63503
C28H28O6+Na+ -8.463176 10.412043 -6.968797 -20.629045 -18.023407 7.0940895 35.790993 53.084156 -4.2845592 -15.225426 -15.513968 -34.779827 -4.4384375 -1.5120958 25.436846 -4.830927 -8.26881 -5.47913 3.3441515 18.813702
C24H31ClO8+H+ -20.902452 -23.390015 9.74207 5.308557 -11.872218 -5.6515207 19.957947 4.092645 1.1283003 -18.789667 0.7907065 -19.912527 -4.5421257 -7.82587 8.488045 -0.16090462 -8.456432 5.780913 -7.258866 24.229424
C13H15N3O2+Na+ -2.8599365 67.32948 -17.29737 -31.179636 -14.598383 18.038254 1.3016672 10.972485 6.3320107 -2.3560317 -7.3136787 -8.3550205 15.96549 -5.944997 -11.317797 -5.33519 -39.648838 8.558013 18.268488 42.95047
C12H16N2O5+ -12.185791 54.564365 -5.369829 -24.403606 -12.766818 24.727608 0.9520933 26.452682 4.966092 4.960705 5.485256 9.343955 21.01233 -4.1762457 -57.68889 14.014776 -11.124915 -6.8060346 14.322252 18.937912
C11H18O11+Na+ 3.4482532 3.251905 -15.6523075 -8.689661 -14.137528 6.380134 24.626068 21.01242 5.765804 -9.689061 5.458764 1.2578881 11.739372 -4.824023 30.98344 -16.574728 5.582781 -5.4864807 2.279806 0.0064572142
C14H17N5O8+H+ -9.640237 -3.815568 -21.067045 12.05299 -39.496834 4.127575 57.607952 17.163406 6.973434 -2.560438 -5.061587 -50.168056 14.769772 -36.14049 40.23434 -27.529455 30.687311 -59.72755 26.39299 -30.643593
C7H19N3+H+ -8.51498 -19.90315 -14.5861845 24.044054 -3.2375057 10.9416275 21.06879 19.353958 14.527237 -5.8279967 17.748034 -12.2592535 5.111332 -3.9249258 9.859519 -5.2507205 -5.9816427 10.808814 -9.071534 -6.8976107
C10H15N3O5+Na+ -26.719702 54.080437 0.4846393 -17.282236 -8.711321 26.542498 0.3707052 53.59578 9.070536 14.790601 10.457236 5.7173758 0.7113836 14.331839 -12.883536 4.5600333 26.78316 -39.54389 19.846195 -39.889053
C26H44O8+H+ 0.0037579462 0.011413873 -0.089294225 0.005523608 -0.014135872 0.053788297 0.023240339 0.0064033344 -0.0012796994 -0.00829582 -0.09312625 -0.106805325 0.008982166 -0.033594985 0.0398005 -0.0343122 -0.06786893 0.022305353 0.0131507125 0.03164799
C5H4N4O+H+ -13.553739 35.230198 6.160253 -40.863743 -36.311928 -0.59095585 36.405647 39.96793 -12.170881 -2.1823127 8.086392 18.560085 -4.779895 2.5534647 24.461702 -6.582715 -11.32253 -37.00427 31.80309 32.998753
C32H48O7+ 14.857661 45.39205 -31.566635 -21.473932 -5.260472 34.06257 5.7642565 19.395405 4.186928 -13.471858 -47.246105 -80.65503 15.692365 -21.613457 23.794495 -17.653093 -32.0058 24.833708 -5.9069386 49.44363
C18H30O+H+ 0.09785441 0.057306796 -0.17405586 0.063369095 -0.014722097 0.18451847 0.06855549 0.042325933 -0.05594607 0.0017245559 -0.17201266 -0.28623092 0.046296455 -0.038528226 0.15236725 -0.065375224 -0.13206416 0.03543761 0.038716294 0.021124948
C17H13NO3+H+ 0.021423887 0.06387982 -0.12104036 0.025327895 0.009512145 0.11392921 0.03064428 -0.0012818142 -0.012131837 0.028667213 -0.11622808 -0.16512753 0.04113851 -0.049788974 0.08619438 -0.027141007 -0.077922925 0.021902364 0.016112005 0.015193188
C28H51NO7P+ 28.622456 44.092197 -35.82209 -29.343227 -5.315674 41.43953 10.937948 33.766693 -0.37189305 -18.560776 -62.035397 -90.421555 31.02485 -36.575943 4.280344 -17.26289 -31.87143 32.58728 -13.003132 59.985115
C14H26N4O11P2+H+ 21.775482 59.78407 -11.477565 -46.226562 -0.08177084 5.1552286 -7.9857025 31.388554 13.288708 -21.875938 -52.91178 -83.73661 -3.6616766 -17.199467 78.04516 -37.005375 -7.4247518 28.25408 -18.21522 36.41252
C23H46NO7P+H+ -51.055855 -22.397001 41.35311 2.379229 -31.249714 -36.29659 9.9930525 -42.707054 2.3934402 -9.108503 82.17789 122.23159 -0.8128656 8.190199 -7.525686 1.1288729 -44.175625 -12.719488 35.45625 63.702602
C23H44NO7P+H+ 7.383389 -14.406487 -4.1262913 3.0064325 8.330139 11.501636 -9.708038 -11.393428 -5.610301 12.825169 10.504227 23.112751 -2.9908993 12.095483 34.635746 -11.039313 -5.214055 15.471477 -7.119726 4.8304973
C25H36O3+H+ 0.0158959 -0.003659747 -0.05045346 -0.0051226374 -0.009581638 0.024078755 0.0020406211 0.015530281 -0.025754571 0.01665409 -0.0673837 -0.06036737 -0.0002120344 -0.025269372 0.023846036 -0.022100119 -0.047268577 -0.0030663672 0.0019243999 0.014441963
C15H15NO3+H+ 0.04087795 0.009283052 -0.14958726 0.033253834 0.025420673 0.11202061 0.026203776 0.010052725 -0.040283196 -0.0057730842 -0.13480654 -0.1975008 0.05064851 -0.038273968 0.12182697 -0.030589538 -0.07062482 0.039237928 0.010923927 0.030619081
C10H13N4O8P+H+ 28.084398 15.603113 -3.3666258 -38.779057 -4.1907806 7.776762 10.670996 32.59041 -32.57647 17.35644 -18.24251 14.676808 -11.58655 17.86224 9.912133 8.804766 2.100085 -30.252508 20.220116 7.651743
C34H48O7+ -23.062805 36.4593 -10.3661995 7.0461583 -4.266137 33.081005 -2.8751616 3.0868847 15.977428 8.858478 -8.14982 -40.772152 16.84216 -6.325155 -26.061752 1.3966855 -38.216625 20.095722 5.1532683 32.144623
C11H21NO5+H+ 0.01337828 -0.00045793306 -0.070202835 0.037003715 -0.0048732385 0.07710453 0.0033902929 0.008057502 -0.022243693 0.024673283 -0.06236864 -0.07137364 0.036523454 -0.0009776833 0.06239471 5.5574023e-05 -0.016933981 -0.004226484 0.027757375 0.012319259
C6H12O6+Na+ 0.016738027 0.039279196 -0.10822947 0.031168295 0.027051408 0.08120504 0.04455986 -0.0009958432 -0.05222977 0.013006997 -0.10729325 -0.15275547 0.03576667 -0.048027445 0.060313575 -0.03551591 -0.07405833 0.0034351607 0.005252917 0.024188166
C10H14N5O5+ -34.416912 65.880585 18.630545 -30.625849 -11.719634 -15.316097 -5.524516 38.101784 24.776358 9.826731 51.31679 55.42093 -23.317444 41.02639 18.012695 0.85579 -29.741774 2.56104 20.863194 18.765194
C10H13N5O5+H+ -30.064514 58.99896 11.696649 -26.614017 -11.822263 -14.321096 8.820463 55.88066 20.78264 12.209826 41.871117 37.139507 -23.442627 39.418793 29.990713 -3.2203107 -31.495518 7.7129626 15.828266 24.44431
C11H19NO6+H+ 0.038275395 0.01114316 -0.15101533 0.05299612 0.006558527 0.15002507 0.024967462 -0.009335459 -0.05116225 -0.011215182 -0.12467575 -0.18844466 0.053165767 -0.080000594 0.10337384 -0.038072012 -0.08650061 0.02411402 0.01510489 0.029028803
C23H43NO4+H+ -0.8450505 -8.527487 10.954126 -1.270581 5.8865805 14.367541 -22.511314 -25.877571 -10.670158 3.5577092 -8.263004 8.202213 4.2668204 -7.258751 -2.6784055 -2.2099035 5.927208 -21.89062 16.251717 -3.70887
C37H66O4+H+ 1.0920695 51.983658 10.996599 -55.960632 -20.4284 -0.80990267 12.533723 38.255573 -4.8175554 28.700193 11.183882 14.144952 -29.242016 35.032276 55.687077 -6.368554 17.725498 -3.1229148 -2.6061754 3.8759527
C8H14N3O7P+H+ 7.54559 -6.5655246 -13.553152 -4.6736155 -18.348953 -17.588205 54.182076 62.284756 4.9226937 1.6974238 16.195415 -4.774231 -7.056247 6.187318 43.041187 -13.597211 -25.344217 8.60963 2.1979382 35.54045
C10H13N4O8P+Na+ 33.80444 42.724545 -3.189258 -52.732388 -13.717915 -7.763007 20.178099 62.290108 -20.911602 14.294991 -9.6230955 15.351098 -16.209648 11.997611 15.875868 2.0837958 -22.56068 -23.188595 29.929995 31.574259
C12H20N2O3+H+ 0.013773774 0.0020702477 -0.01722478 0.00642324 0.009310306 0.0069454126 0.0023853495 -0.0017778325 -0.03283382 0.016177528 -0.015474802 -0.021661649 -0.00430698 0.025609212 0.015062668 -0.0021068589 -0.026568593 -0.01293891 -0.024619238 0.017390665
C10H13N5O5+Na+ 2.0884311 62.596138 8.504571 -47.971268 -11.899169 -27.14633 19.109493 97.49481 15.987497 8.420827 28.034735 32.25716 -35.205433 37.00449 64.97292 -14.450264 19.768545 -12.753946 5.8605747 -21.618418
C14H10O8+H+ -17.625881 7.9616895 19.608952 -31.848457 -29.109917 -11.828328 25.434927 4.0964484 -19.939606 -13.28131 -2.7410543 15.633811 0.5804438 -8.881122 2.3989532 0.3750186 -17.330324 -34.24794 30.283676 50.50013
C5H11NO2+H+ 0.04328677 0.013559547 -0.042486258 -0.017353555 -0.018886294 0.083940715 0.033849288 0.012175639 -0.013729047 -0.008900925 -0.055804547 -0.08685979 0.013695899 -0.01724616 0.061340608 0.0006546869 -0.050474122 0.020667488 -0.01328982 0.021696743
C9H17NO8+H+ -16.058176 34.474815 -16.043705 -0.15374626 -19.305197 13.248561 15.075549 -9.456892 10.797392 9.509558 20.111109 20.361465 25.8215 -5.0737786 -36.05874 1.6566092 -25.298414 -2.190019 20.79443 17.990252
C10H17N2O5+Na+ -11.103699 25.546501 -17.83374 -1.9071304 -23.959526 7.5454593 26.695147 -3.9485185 8.080198 5.316561 22.472801 22.909702 25.100473 -8.872755 -28.818327 -0.70230514 -52.092182 9.965973 22.429752 49.637196
C34H50O7+ -32.42619 42.72861 -8.078115 3.2385826 0.3779351 46.7508 -22.685198 -30.479172 18.386515 -0.54312587 -4.5465364 -37.985 25.315178 -7.54607 -60.61411 15.0296955 -67.375534 39.143986 4.385729 63.389828
C10H15N3O5+H+ -4.906928 13.699144 6.523817 -5.7732863 -0.5327359 -24.444834 24.059917 72.60518 29.04372 -14.002886 -30.630135 -107.319374 -35.52815 8.064393 95.93493 -29.366447 -29.39066 44.71189 -26.171894 42.345573
C7H7NO2+H+ 0.027728809 0.013394827 -0.034971565 0.011833671 -0.013577482 0.030229153 0.0075734244 0.044415444 -0.012817085 0.014364439 -0.026839584 -0.03348661 -0.016850475 -0.0061464817 0.008347671 -0.0007135495 -0.041028436 0.0020416053 -0.018422889 -0.0046125758
C10H19NO4+H+ 0.047238816 0.0072861435 -0.059307907 0.017251572 -0.009693229 0.065542266 0.03999649 0.022116316 -0.012099463 0.012409304 -0.08084409 -0.15176412 0.055163186 -0.045681175 0.059309013 -0.043676876 -0.07078755 0.019970171 0.019404214 0.00076836115
C35H66O4+H+ -13.7270355 50.49604 26.032276 -54.728848 -29.348713 -23.69095 2.089046 -13.036045 -0.8288311 13.833927 30.432896 46.398846 -25.395073 23.750738 32.376488 -1.2406874 24.848377 -5.4783945 -2.8816943 6.7243233
C12H23NO4+H+ 0.013853047 0.000105961546 -0.05490759 -0.0033866325 -0.018438786 0.05672062 -0.0016725748 -0.012173166 0.00054722454 -0.015211764 -0.023616165 -0.05228488 0.014079244 -0.009011072 0.034944657 -0.021620372 -0.023399595 0.021152256 -0.01210107 0.0057027256
C9H20N2O2+H+ 0.020307047 0.02520005 -0.031409122 0.018061696 -0.022167077 0.03400931 -0.008781756 -0.010681419 -0.018012391 -0.020442449 -0.02228604 -0.035530865 -0.0026086555 0.0064364434 0.015919328 -0.011854365 -0.011681359 0.0271486 0.015261974 0.002371098
C17H26O4+Na+ 0.008004502 -0.009466094 -0.024118364 -0.015760168 0.020919109 0.049586546 -0.018758563 0.02911656 -0.029562658 0.0033653989 -0.019495491 -0.025127757 0.0016445721 0.034814224 0.005320575 0.013457015 -0.02879068 0.007903477 0.0076680095 0.01733933
C19H22N2O+Na+ -15.86412 -41.73315 -10.835688 40.18092 -8.465951 5.4003024 48.8262 34.842052 9.058063 -1.9250634 -23.386902 -95.942085 -0.40077418 -12.649884 16.777721 -6.391393 -52.19747 29.709845 -7.8520274 52.39638
C18H23NO4+ -17.787563 -45.60344 -12.097726 44.68073 -8.816071 7.1088495 49.78355 30.64837 8.714159 -1.5836378 -27.340412 -103.242546 0.40025648 -14.663372 21.760008 -8.911221 -49.169445 29.080956 -9.369851 48.80168
C14H20N6O5S+H+ 29.325577 6.119571 -6.9178944 -22.841541 4.380955 -6.030184 -17.242107 -20.203997 -14.235643 -7.5639133 12.57248 54.410866 0.26785997 1.7314672 9.079021 -1.6512414 -27.89972 16.580294 1.3620489 38.89876
C29H45NO4+Na+ 2.493419 6.250072 -18.169899 -11.215836 -8.557074 6.3118014 30.839933 29.863747 1.3272293 -21.414253 -15.797395 -50.514843 -8.068031 1.115977 -4.335772 13.61306 -15.029539 3.9132187 -4.1698027 10.961285
C10H9NO+H+ 5.3714924 11.725569 -7.7959647 -17.068151 -7.1363125 -13.481458 26.283175 36.108177 6.225268 -20.97924 -15.9765835 -46.464046 -12.416022 2.7143817 18.465652 0.7638204 -32.340836 33.00218 -15.442803 46.40904
C21H20O7+H+ 24.751575 6.884256 -11.83472 -12.533098 4.9969544 -3.3021507 -0.7510782 19.597689 -4.38562 -6.9482584 7.740635 24.123455 -3.574884 3.0323749 3.3478382 1.9606392 -21.458412 14.898096 -2.6675646 20.574266
C14H29NaO4S+H+ 0.009262528 0.009251164 -0.032163966 -0.002418007 0.0076875677 0.035374742 0.026343325 0.02143159 -0.03237076 0.007838533 0.008060724 0.0030901812 -0.03477072 -0.0013038451 0.026562233 0.00021830013 -0.0073085213 0.014177885 0.013340758 0.027062217
C11H15N2O8P+H+ 49.68095 -26.750525 -23.858091 14.325798 32.29478 5.944709 -14.979085 20.131039 -1.60603 12.583165 11.372383 23.519358 -8.164751 15.113489 19.278801 -1.5363297 -17.962519 45.3414 -25.838768 -2.5412579
C19H24O4+H+ 0.03170448 0.0148027865 -0.026174415 -0.026639571 0.012210587 0.03619581 0.029349549 0.008840381 -0.008195815 -0.01530991 -0.0044804094 -0.030955808 -0.030303821 0.021272765 -0.0014149803 0.010363527 -0.03733322 -0.010140766 -0.01002486 0.03890358
C27H44O7+ -9.782551 -27.69977 31.460768 -8.389329 -4.958082 -48.155804 7.2015076 0.09191135 -1.4876955 -6.571176 66.18269 104.00337 -19.55484 32.396343 -5.776314 13.704341 -98.36116 36.31922 20.978058 114.914314
C27H30O11+Na+ -16.637447 -25.297245 -3.5705411 32.82323 -6.4916577 7.297737 9.602896 -7.0052423 13.751499 -5.2936883 14.368032 -1.7644513 21.97865 -23.916689 6.457182 -19.000368 -5.184464 0.61378634 2.3236766 2.9549341
C37H47NO4+H+ -4.7141557 -40.417927 -22.134413 38.786842 8.589044 46.09576 28.820097 61.467716 7.609435 8.805522 -16.193447 -69.45757 7.4453497 -3.9620638 14.577005 -5.869708 20.281755 -22.346882 1.3894675 -46.6077
C24H48NO7P+Na+ -18.953606 21.72084 -4.9886413 -14.334345 -18.146477 -6.233844 25.370203 4.217998 5.602428 -21.132458 -6.583239 -37.44796 -12.191029 2.0006123 -8.369173 14.337896 -4.353868 -4.025266 -0.23358189 1.4094948
C26H56NO6P+H+ -24.060055 -39.348026 2.9518552 48.94954 4.334626 24.010725 12.52312 47.93048 14.43074 15.295623 26.33461 -3.0271292 11.136622 -6.4725995 -22.301933 1.0709989 28.27843 3.9304647 -21.509836 -33.747826
C25H50NO7P+H+ 24.171537 -47.882736 6.9020615 2.4196765 -5.6818366 -40.02207 19.52629 -20.692783 -9.194269 -4.8456087 10.63407 28.950665 -3.867476 -4.9119496 42.729633 -17.127628 -6.3338795 1.0157381 1.5797147 25.497692
C6H8N2O2+H+ -7.990799 6.986708 13.027454 -6.131757 5.573255 -12.840229 -18.562862 -24.769407 4.056071 -5.6130486 0.8755425 16.15678 -0.681396 5.579456 4.6516924 -3.749471 -5.5438275 9.804949 0.44602755 10.471355
C16H12O9+H+ -0.018708332 0.0011613659 -0.0018167561 -0.017198158 -0.0052778856 0.030833287 0.0051891217 0.0058199693 0.0020958935 -0.01662556 -0.029133458 -0.024482155 0.023503764 -0.024506174 0.016665593 -0.02320821 0.0054296553 -0.011015744 -0.02027378 -0.02065167
C26H52NO7P+Na+ -64.19335 -23.693855 48.312786 26.769888 -1.5700521 -15.128952 0.6222718 29.031038 5.8014336 27.057117 72.76859 93.88799 -24.856794 48.474552 -36.63504 27.394627 9.971758 -34.419956 24.85908 -31.768957
C19H37NO4+H+ -2.7668445 -6.6507845 1.3178574 -0.9166489 -0.3264818 11.340679 1.9163024 2.7472668 -5.26456 4.4552283 -2.7410593 -6.39469 -3.1261232 3.9160032 4.3013864 2.351938 5.596218 -17.382114 9.212145 -8.3399935
C12H22O11+Na+ -9.607519 -35.404934 -5.2285247 28.770994 -0.916638 14.817487 21.559513 11.706442 -3.7237508 3.1212928 -16.2875 -42.867855 9.242463 -11.379927 -11.053952 1.9677912 0.7112194 3.5242567 -9.138596 2.9679005
C6H6N2O2+H+ -9.496749 -4.127686 8.021146 10.836557 5.0307846 -5.7244616 -11.63221 -11.968775 10.532202 -0.8714265 8.929115 10.996858 3.3243186 -0.7183914 1.7771463 -6.168341 5.3817263 6.7445965 -3.616723 -9.138185
C31H33N3O7S+H+ 1.7255874 -0.34758192 -1.9594103 0.049132634 -0.35793805 -0.7754603 1.2270263 -2.4226167 0.24309225 -1.8817375 -3.6991215 -6.536595 0.9022212 -2.501874 2.6486988 -1.5525618 -1.0017707 2.2933042 -1.64499 2.1896777
C26H48NO7P+H+ 6.0130143 21.182884 -10.711981 -9.702266 -4.9471297 -2.7385879 6.3581796 5.7310762 6.9966073 -6.631296 -8.663841 -24.260271 -1.8582377 -3.3387477 21.006588 -9.768445 -50.068306 26.406065 4.784603 50.073433
C30H46O7+ 4.6843987 21.712744 -10.335902 -9.077819 -5.044272 -2.9310203 6.0731907 4.958402 7.6133084 -6.275479 -7.659839 -23.680882 -1.9613639 -2.9363818 20.512331 -9.514549 -49.87865 25.904568 5.179376 49.121063
C26H45NO7S+Na+ 0.4796913 -1.5226953 -2.2934308 1.8573678 -2.2403765 -1.8971409 3.7058113 -3.3793025 0.48753333 -1.0173498 -0.63920295 -3.7023818 1.119705 -2.8319376 1.9036092 -1.5504228 -4.6862106 1.4399381 0.9525873 4.074741
C28H56NO7P+H+ 28.731482 -29.331905 3.1244545 -3.896245 -0.08276431 -39.346615 14.64238 -1.924984 0.6250328 -7.569416 -12.434877 -19.265135 -16.634703 -3.201532 83.05757 -30.432203 12.78604 7.1612267 -12.717858 4.391456
C32H49NO5+Na+ -2.7589831 7.023647 -5.0348434 -4.1211395 -3.2367778 6.8066325 8.488736 11.246461 1.3475806 -2.6609907 -6.565182 -18.57246 -1.240116 1.345037 -0.79745126 2.8691432 -0.86227024 -1.4328686 -0.027646083 -1.2727473
C24H34O2+H+ -2.7978358 0.006939692 0.62141114 0.28058067 -1.4248748 0.51853615 0.85936195 -1.281191 0.033393227 -1.0308338 -0.0071872044 -0.6952471 0.71318793 -0.92190504 0.43183684 -0.54173964 -0.7299085 -1.7970833 1.6625484 1.2754185
C13H24N4O3S+H+ -1.1046449 -43.97196 -14.041268 33.112286 -5.0708423 10.279338 30.970278 -2.7777207 -4.6357794 1.8388623 -23.031086 -57.18811 12.70513 -20.264343 3.0812628 -5.441244 1.9518863 2.2261567 -9.718045 2.813963
C34H34N4O4+H+ 39.410183 0.40482318 -14.557409 -8.803561 19.513897 -11.875631 -2.5234358 32.813545 -3.9134974 3.203373 4.588819 18.81042 -18.179674 22.036377 0.21106952 12.59438 -14.136061 39.645924 -24.721813 3.369194
C27H54NO7P+H+ 0.017051943 -0.014162584 -0.008616717 0.024235124 0.012398071 -0.007478086 -0.010953246 0.016552856 0.005557337 -0.0065402137 0.011601618 0.004683139 -0.016014915 -0.021159824 0.008366124 0.022880081 0.00027463416 -0.011839712 -0.0027093317 -0.01826078
C24H50NO6P+H+ -16.226742 0.8749891 0.4584947 2.287317 -11.2359295 3.486792 11.1874895 -5.308331 4.5142756 -9.3149395 -3.011412 -19.117592 7.1196527 -10.3730755 -0.5433383 -3.4285977 -4.0030713 -7.8359933 6.401165 8.97636
C20H16O7+H+ 14.839699 -7.2848434 -10.967959 4.8428144 9.172515 -8.854597 -0.97166455 -7.582761 1.8536422 -2.7138834 -0.13298781 4.964402 -1.5117099 4.4975495 16.177608 -5.489626 -9.580688 23.874987 -12.162218 3.9963512
C31H42O9+H+ 14.354249 0.66733044 -10.344409 -3.6754801 6.315823 4.4695835 2.8228827 11.965232 -2.8527377 0.8467121 -11.237089 -14.861584 -1.1785843 4.0402107 4.290717 1.1030394 -13.037713 10.072954 -2.4119475 10.266121
C25H31N3O4+H+ -0.008012562 -0.0018515072 -0.0049088225 -0.0334139 -0.020348495 0.020922497 -0.011701609 0.013595346 0.005116182 0.020544222 -0.012575057 -0.028203689 0.00823844 -0.006294481 -0.005524112 -0.0070391665 -0.042078514 -0.016429167 -0.0010366719 0.0022057726
C15H10O5+H+ 1.3460528 0.21321107 -1.4779638 -0.41919658 1.0075111 1.4174225 -2.4973822 -4.59436 -1.9933232 -0.57531357 -2.2317352 1.0771133 1.0558051 -0.8592266 2.8709095 -1.5529612 -0.7110892 -1.0418444 1.1685487 0.65132177
C24H51NO7P+H+ 7.580687 0.23989667 -4.605386 -1.2364491 4.900561 -0.6353677 -0.25028467 6.9750514 0.40001944 -0.10153125 -0.27753267 -0.5848874 -3.798829 5.4512873 2.1671107 2.3179014 -1.8762604 5.2317896 -3.5950246 -2.3297622
C16H18N6O5+Na+ 0.00037679527 -0.02029174 -0.006899619 0.013252703 0.0053764344 0.00551436 0.0102216145 0.00066273595 -0.0046013813 -0.008415206 -0.022786317 0.014043306 0.016779734 0.026855802 0.010368041 -0.0037423023 -0.028725568 -0.021106124 -0.010196094 0.022105822
C32H66NO7P+H+ 0.021543179 -0.008676609 -0.012817341 -0.016517607 -0.015959023 0.0252203 0.018737266 0.025088664 -0.0028378137 0.024072535 -0.022744711 0.007649566 -0.007399612 0.009465583 -0.016846413 0.0024638008 0.0048538223 -0.012960385 0.022145906 -0.007909176
C24H29NO9+H+ -0.017290272 0.026735127 0.008909899 0.020672854 0.016717594 0.013753892 -0.009832023 -0.007958753 -0.02278736 -0.022250209 0.022040894 0.019665154 0.020937556 0.0009800897 0.02288318 0.011870914 -0.009697124 -0.0054484936 0.0039833304 -0.007993493
C18H33NO+Na+ 2.6772258 -0.39689082 -0.93493706 -0.45921516 1.8192102 -0.015020456 -1.0534992 0.91808784 -0.7193908 0.52375823 -0.3282731 0.43221328 -1.5389521 1.6966939 0.2697317 1.0412623 -1.3988785 2.7196884 -1.5846525 0.5954763
C15H23N5O3+H+ 0.012624796 0.017172702 0.012176517 -0.008790016 -0.0072825453 0.02585247 -0.008948333 0.0011510694 -0.016590202 0.016813237 0.011029642 -0.0058785933 -0.020340981 -0.013836758 -0.00914726 0.020069655 -0.031122908 0.012888707 0.007217247 0.006214067
C15H10O4+H+ -2.5589018 -1.7887884 0.5020683 0.12579626 -0.88856936 2.649729 -1.4159975 -6.616028 -2.586347 -1.6246718 -2.6754644 -0.36893496 2.1905417 -2.5011344 2.1454644 -1.6990758 0.20510456 -3.376016 2.2365294 1.9857445
C12H22N4O5+H+ 0.0011512344 -0.010275948 -0.02051593 0.005406951 -0.020408263 0.025055228 -0.017317543 0.0007860742 -0.015857931 0.022734344 -0.0106633585 0.008192158 -0.026487147 0.011349242 -0.0027801497 -0.016028076 0.0068443296 -0.020950273 0.021924835 0.0155316815
C21H26O4+H+ -1.6992016 0.95141375 0.7333107 -0.59873855 -1.391984 -1.0378895 0.8290666 -1.5633695 0.2607669 -1.1711366 -0.053258747 -0.44150165 0.26377103 -0.8422667 -0.9669458 0.16023315 -0.17463915 -0.8428322 0.71251994 0.9753688
C25H30N3+ -5.7457004 -3.1695526 8.266553 1.9630183 4.4025273 -2.9501193 -5.1379294 6.1378093 2.8018084 -1.1480573 0.86272323 -3.878911 -6.9777665 5.622088 0.82261986 2.5811453 -2.3733423 5.8501773 -4.1939416 2.9653947
C19H19NO3+H+ 2.050741 -0.65412986 0.8818082 -1.9623762 0.23584396 -3.0931354 -0.73328704 -1.6580167 -0.85017 -0.1661306 2.9006345 7.30654 -0.8095707 1.5009409 1.0459425 0.06506072 -2.6923027 3.2831466 -0.88455063 4.4665895
C16H28O8+H+ 1.0753388 0.36212924 -0.5977079 -0.5725613 0.58612895 -0.12024744 -0.060862783 0.52097416 -0.27695882 -0.090093635 -0.7373882 -0.7328517 -0.679619 0.74719834 0.26715037 0.4414629 -0.7917953 0.77103186 -0.3160267 0.40486845
C30H26O9+H+ -0.015880974 0.013089222 0.013843278 -0.01860329 -0.0028406156 -0.019152787 -0.02087314 0.001256252 0.013194705 0.010645696 -0.0052643823 -0.004310201 -0.017918006 0.004909867 0.00840882 0.0077627324 0.0073988014 0.007536318 0.015519379 0.0042610983
C15H27NO2Si2+H+ 0.38948885 0.67343074 -0.23699492 -0.5403218 0.049789317 -0.04235533 -0.1757205 -0.34019166 -0.2655949 -0.19269267 -0.71338344 -0.51355517 -0.07804694 -0.057446428 0.19459553 0.014587546 -0.49118042 -0.20581889 0.4275732 0.44340694
C24H30F2O6+Na+ 0.00031344566 -0.011434657 -0.002236208 0.0019810172 0.0037924587 0.017361227 0.012216106 0.004048556 -0.021613864 0.006129791 0.0068913484 0.013552749 0.0013883656 -0.005703606 0.0071017435 -0.0233877 -0.020646024 0.023028111 -0.005750911 0.012182577
C15H29NO5+H+ -0.013921258 0.019199954 -0.016588587 -0.0015436315 0.021606987 -0.0016925631 -0.00923709 -0.0073837736 -0.0065110754 -0.003685051 0.02224574 0.013907086 -0.015233821 -0.00877333 0.010316705 -0.004485468 -0.011395022 0.018988866 -0.013404036 -0.019978208
C16H33NO3+H+ 0.6074041 0.89207673 -0.50252664 -0.6303611 -0.24968958 0.31279948 0.42944756 1.2333423 -0.16226856 0.10289977 -0.76196116 -0.8971971 0.020044638 -0.22666539 0.7516397 -0.3867814 0.2713904 -0.65317667 0.39970133 -0.35967192
