190 20
C7H6O4+H+ -21.888952 -10.734271 -4.260532 -11.817281 55.95031 -2.174333 -9.386753 3.8285658 12.707331 18.234018 27.258278 -32.457817 -14.734446 -15.308833 -9.782426 33.41731 -1.4805174 15.731056 -47.521027 -7.196175
C7H6O4+Na+ -24.925232 -6.88195 3.1871445 -8.266678 51.45274 -9.767388 -11.42438 9.697977 26.900656 26.653944 21.623535 -43.78914 -18.34101 -11.471099 -1.765911 31.01206 2.5664797 13.743998 -49.100365 -26.783232
C8H7NO+Na+ -20.086914 -5.132332 -8.631473 -4.2286315 59.40674 -15.740195 0.9614571 9.3315325 13.949078 22.903784 24.014471 -35.565178 -19.474485 -5.5663433 0.36563435 31.36879 3.5900586 12.891229 -49.268253 -33.500374
C3H10NO4P+H+ -33.387695 -6.7190895 2.0817873 -3.4333653 52.750916 -5.814206 -17.929598 8.037274 15.875481 20.778624 14.529857 -41.9743 -19.68781 -17.327923 -2.060699 35.414734 8.851561 12.68319 -54.763306 -25.92851
C18H35NO+H+ -16.519743 -5.5898514 -4.6070385 -8.129176 62.840874 -4.383841 -9.248423 1.2458049 21.680834 23.300001 31.833218 -40.184048 -19.558094 -3.8023233 -7.1901927 34.27868 2.3362415 13.371921 -42.341827 -22.748127
C28H46O4+Na+ -22.229065 -2.3359 -6.784345 -4.996041 63.400715 -20.208958 -2.9841328 3.2311835 26.227938 19.829718 15.611414 -44.407295 -18.68506 -12.988026 5.7367287 34.957455 0.1990752 12.340345 -49.125565 -24.568184
C28H46O4+H+ -22.013588 -3.5230875 -9.658025 -5.8939943 56.9718 -12.465563 -7.6261306 7.2580905 19.129038 18.681164 16.860088 -35.609352 -12.733495 -9.240204 -7.0688004 27.15913 -1.1124852 11.221072 -35.927505 -14.425068
C10H15N5O10P2+H+ -12.106485 4.056147 -5.81003 -3.0797794 34.628986 -5.0063696 1.7189668 -5.0113673 13.455371 10.800796 22.685238 -29.803913 -7.4462905 -8.385405 -1.3908899 26.98739 0.24849215 9.036125 -34.009056 -9.800598
C31H42O3+Na+ -26.210571 -1.5134863 -16.307936 -4.9190574 62.281784 -14.214118 -12.089577 3.5723116 19.119892 22.930492 19.161037 -45.757874 -18.719185 -7.622086 8.084417 29.382841 1.2454101 10.918827 -46.088085 -35.135212
C10H11NO+Na+ -31.484547 -3.3329775 -13.185881 -2.5100064 58.99671 -6.957964 -10.658333 8.032849 20.83946 19.111387 10.101757 -45.57301 -16.649002 -2.6665392 19.035046 32.72146 2.657706 10.0302 -49.51307 -51.033318
C13H17NO3+Na+ -15.841553 -9.60692 -17.97602 2.4954681 48.998074 -10.148498 5.253659 7.651656 16.758713 19.562923 14.128636 -31.794855 -12.608454 0.099696785 5.8850293 30.15874 8.873295 13.142906 -45.478943 -20.227472
C8H20NO6P+H+ -19.420605 -7.371813 -14.612542 -0.23432827 55.902298 -11.134283 -6.449638 2.8333602 17.543667 19.252012 17.907312 -40.0838 -19.513128 6.237898 14.450292 27.76498 -2.9976752 17.899815 -52.08137 -30.764017
C7H15NO3+H+ -11.539027 -5.669654 -18.010336 8.785793 43.492718 -6.3827047 12.036383 -6.712979 2.4315827 12.400743 14.501452 -20.313196 -10.193782 1.0130436 5.0194516 22.080229 -1.2103373 13.229374 -31.200785 -16.558838
C8H17NO2+H+ -19.79363 -1.6933347 -25.555153 -1.6359975 50.76779 -11.853242 2.3095767 3.605493 9.764618 15.083592 15.895275 -41.048023 -13.547766 -2.2043374 11.784413 27.082272 -5.536398 13.843778 -42.23364 -30.741003
C10H14N5O7P+H+ -22.651217 -1.9725024 -12.280515 -7.447619 50.78057 -5.2975354 -13.1597185 2.1036332 16.186853 17.307545 14.2737665 -41.55773 -11.222087 -15.268138 3.1540573 28.368948 2.770075 11.8286915 -43.87954 -24.744099
C29H47NO4+Na+ -26.978271 -1.0664235 -6.2607384 0.7475442 43.59713 -2.163036 -10.773025 7.6610727 10.988818 14.860567 12.179796 -25.832003 -12.320999 -3.6183028 12.755283 24.285645 -2.318161 14.400623 -38.551174 -29.704037
C24H50NO7P+H+ -23.726688 -4.9252863 -8.415447 -5.6788964 45.667095 -12.867289 -3.5559404 5.9941325 12.463288 12.444359 10.441176 -31.091105 -15.819654 -6.518902 14.480945 28.7552 5.935307 10.893969 -42.169785 -36.276894
C11H8O5+H+ -13.737391 3.3033202 1.4973207 -4.5957155 45.106434 1.0536968 0.37001133 5.4375744 12.490744 17.878132 12.278032 -25.749514 -6.616915 -20.8626 -8.457908 25.12774 1.4956025 7.7234964 -38.804184 -11.24168
C8H20NO6P+Na+ -14.45617 -3.2803645 -24.538414 7.045539 44.735058 -14.223139 13.210925 2.2284353 14.16857 11.716152 20.458904 -21.168617 -15.765993 11.44252 13.683435 18.437477 0.53003365 14.549624 -42.238594 -25.268192
C26H54NO7P+H+ -8.321567 -0.25089142 -10.876224 -4.4536657 50.54061 -1.467819 -8.461539 5.8859863 23.829159 20.39045 18.081944 -36.33698 -13.865609 10.258207 5.8250365 29.575281 -0.16196147 9.698672 -29.686049 -18.861446
C14H10O6+H+ -8.773944 -4.4515414 -3.7188034 -5.94063 61.72721 -13.717683 5.468068 5.8293414 24.789415 21.230738 26.855492 -31.07032 -20.283556 -17.392424 -3.5250072 30.569666 7.6657653 12.632153 -37.574604 -15.799697
C26H52NO7P+H+ -14.047705 -6.006 -22.515041 -1.7432193 51.74497 -11.128726 7.1165113 3.6800785 13.34831 19.704887 22.485939 -28.781435 -15.9345255 10.844161 10.068968 32.481068 -3.9019263 20.71599 -38.674164 -22.82708
C26H50NO7P+H+ -16.814129 -4.0602603 -18.00798 -3.6898842 53.571796 -5.870064 -6.2084985 -2.2140856 17.872396 19.07323 19.28327 -38.393913 -14.786829 -0.6212674 12.719785 27.757967 -1.6075022 18.517496 -56.443275 -30.028172
C18H12O7+H+ -4.4103703 -1.8818904 3.3328142 -8.543486 30.098654 5.683329 4.3684483 5.0247865 6.7343082 17.582272 11.337252 -21.653065 -2.0154943 -30.763927 -21.583147 21.118122 3.762973 4.9223633 -31.305264 -0.62345606
C8H20NO6P+K+ -28.926985 -0.6151195 -12.907593 -2.5649874 49.98311 -11.294236 0.5614803 2.1687288 14.482271 14.364359 7.4802923 -27.369785 -13.241672 -7.9911346 10.910819 20.991922 5.1090555 12.437914 -54.88832 -38.859287
C13H10N2O5+H+ -24.985937 1.2255629 -16.728287 -4.799654 51.933777 -11.88939 -8.217991 5.7935705 19.376377 20.964125 3.498598 -44.561646 -18.906345 -13.653138 10.605488 18.992369 10.665355 6.5014234 -40.814846 -44.101288
C9H17NO4+H+ -18.70585 1.1073319 -19.097488 4.724244 37.000736 -12.332389 -3.7472188 -7.2946544 5.213668 10.62249 11.465105 -16.582022 -12.866013 9.834111 15.6607895 13.033882 0.63089347 12.23372 -31.3301 -22.32
C18H26O4+H+ -5.5086184 -3.8702722 -3.9192188 -10.530237 37.85254 -2.4311392 -1.2300943 2.8560338 12.735451 18.148266 23.093353 -30.750984 -5.1709714 -18.211542 -14.016895 31.926226 -2.176459 10.181989 -32.55555 -2.0086365
C24H50NO7P+Na+ -18.236837 -11.040381 -27.564394 1.7152376 54.820694 -12.573687 -1.0705948 2.8461146 13.416931 20.403482 23.120193 -28.76393 -15.349113 4.705396 16.221497 37.25073 -6.530689 17.773558 -42.745037 -38.240288
C5H5N5O+H+ -13.504774 -10.389619 -19.65466 3.4436567 56.514526 -7.389058 -6.144295 7.148895 14.518335 18.45234 13.930677 -27.681736 -19.716944 10.652104 10.6505785 25.592796 -6.8973975 14.139177 -33.64247 -24.938486
C29H48O4+H+ -16.518915 -4.9739943 5.5977783 -14.698383 41.862404 3.4721947 -9.910122 8.2674265 11.849115 19.559458 18.73046 -34.866585 -3.5493667 -37.258343 -23.280823 37.867367 7.3031297 6.3931723 -41.564426 -10.681211
C4H9N3O2+Na+ -23.706758 -7.12702 -7.845051 -5.7757664 60.131477 -5.437564 -15.108473 -9.437592 17.187716 8.061292 13.841991 -24.015242 -13.638624 -15.436226 10.587059 30.30519 13.968182 11.945427 -54.474884 -20.684286
C10H13N5O4+H+ -18.584858 -8.649135 -18.483828 -5.2175946 47.615635 -5.128454 2.4077861 3.3407664 2.870905 7.2787247 20.058786 -21.568464 -12.9344845 6.5559645 8.4872265 20.49647 6.727324 13.871014 -45.443382 -25.0318
C28H50NO7P+H+ -14.816137 -0.38624734 -9.153577 -6.4181604 40.181908 2.6718814 9.970543 8.060063 5.330553 9.407959 11.463616 -11.910438 -12.901886 3.8936327 11.694895 14.262674 3.0773652 7.2385583 -31.757814 -13.647836
C10H15N5O10P2+Na+ -10.53315 -12.966155 -18.948517 -6.526418 61.957283 -17.016731 5.7463064 7.2733307 14.088341 20.847004 16.320414 -34.523376 -21.359041 -2.0342493 10.423922 40.067223 5.290204 17.606384 -56.34649 -25.991663
C10H15N5O4+H+ -22.88007 -3.63931 -22.420696 -0.88205403 44.515827 -8.227556 2.5069675 4.9840765 6.5739346 4.551709 13.447587 -26.361639 -13.2401285 -2.2225745 9.359953 20.621645 5.564681 13.557372 -47.790913 -30.53526
C10H14N5O8P+H+ -25.232723 -8.753613 -16.928013 4.602214 57.81541 -9.734064 -12.47517 1.4708822 11.684615 12.60371 8.00068 -25.71585 -22.848404 -8.480358 17.167656 29.116926 8.82337 13.089462 -48.51826 -35.652817
C4H9N3O2+K+ -19.71006 -9.700709 -9.927357 -16.244287 59.275623 -8.467399 -7.0181365 8.366505 14.537021 6.1891975 13.630872 -19.42693 -14.293126 -12.909593 5.123591 35.127262 13.909259 8.775238 -53.36338 -16.534077
C6H14N4O2+H+ -16.146547 -4.110102 -19.407999 10.115079 41.060856 -21.605085 8.131784 2.7608733 17.955572 19.384762 8.862041 -12.4121065 -14.2410965 22.58934 20.216722 12.801413 4.269441 14.267452 -26.755505 -21.558783
C30H50NO7P+Na+ -18.788828 -4.6010966 -15.581368 -16.106426 59.161934 -7.416063 -7.2887044 2.280415 6.117284 11.609517 21.014847 -21.471613 -20.150177 -22.648903 -0.042857066 18.046915 8.885363 9.61495 -46.010326 -15.175163
C10H26N4+H+ -14.590046 0.3756907 -7.3077483 -3.763235 31.88266 2.205996 -3.7829702 3.8464563 9.844824 8.2384815 14.432667 -14.921442 -6.3229175 -3.1733747 -2.3802047 26.265606 3.0774777 8.760736 -29.544708 -8.458972
C4H9N3O2+H+ -14.407325 4.950064 -11.147518 -11.535083 24.099352 1.2120786 -6.8509355 -3.8441103 2.817962 -2.726107 21.247501 -13.303553 -0.4620906 -9.8073225 -7.8060303 25.960417 5.7809463 4.1395774 -29.246479 -3.0116122
C30H50NO7P+H+ -14.499413 -2.2560847 -10.121847 -6.5694914 44.117477 -3.3339546 -7.6568093 2.65572 9.164892 13.955169 18.66756 -18.043423 -14.092676 -15.212988 3.9374242 22.357159 4.915455 11.077333 -56.040985 -17.65075
C11H20N2O3+H+ -27.317636 4.6080627 -19.10865 -3.5515423 42.49395 -14.366048 -19.061682 -5.7299128 17.525953 7.6500154 12.790579 -30.610607 -9.252178 -15.811858 14.322185 20.743761 5.8802147 10.855809 -43.157513 -25.687302
C5H5N5+H+ -18.311083 -0.105623364 -23.565683 -3.85286 44.847 -7.1218905 2.662524 2.8896728 9.719766 11.071246 19.826706 -18.767508 -8.6329365 7.1774936 3.0078301 28.253258 -3.4544008 12.55786 -34.287308 -14.532305
C10H16N4O3+H+ -13.73629 -16.09328 -11.629088 -18.046717 57.932873 -3.3354 -19.880346 -6.530553 16.57587 13.87956 33.24872 -26.636312 -18.07543 -17.616247 -2.7587056 34.717915 9.361553 12.034419 -47.59682 -14.23995
C26H50NO7P+Na+ -27.378202 3.119061 -10.052043 4.3603706 44.747177 -16.576097 -7.9530025 9.710264 14.115251 13.67831 -1.6436216 -34.27723 -14.407952 7.265023 21.14764 24.33027 -0.4782532 10.188912 -35.8163 -48.22739
C23H45NO4+H+ -16.520405 -0.810763 -6.7378645 -9.023288 55.08251 -2.4665055 -10.076941 3.2441545 26.830921 16.698233 21.513819 -32.471718 -16.786522 -11.714801 5.193234 29.31387 2.9765894 11.893224 -49.35102 -24.119993
C30H52NO7P+H+ -15.326248 0.18208204 -13.011183 -9.7328415 48.48044 -3.5600946 -11.073131 -3.1844928 9.467367 13.340898 23.428495 -10.727461 -13.257552 -4.5373645 3.8146522 20.390575 1.2816826 16.663607 -48.68363 -13.553715
C10H14N5O7P+Na+ -9.077463 -0.3657529 -8.5976305 4.622972 22.373219 -6.5980997 0.24873854 -2.1735435 9.354257 4.6907024 -5.6924458 -16.178787 -10.114346 -2.0963407 13.848097 0.9529375 5.7780457 6.178013 -20.76569 -13.810799
C9H15N3O2S+H+ -12.484235 -2.7806287 -19.436079 4.6099396 39.037846 -3.5261447 9.323615 3.6660585 10.440888 11.303253 20.460674 -15.993688 -9.551998 12.805524 9.783158 19.958103 1.0764405 12.145774 -30.763306 -7.894836
C10H12N4O5+Na+ -16.986406 -6.395157 -16.287878 4.7446527 13.943231 -11.805776 5.5341315 -6.2157893 8.900321 10.287274 9.894813 -21.839817 -4.5401063 2.064879 10.753596 11.777433 4.764958 7.8970194 -28.453941 -29.712984
C25H47NO4+H+ -22.096487 0.7739482 0.4916104 -14.860151 60.15406 -0.02320823 -11.888617 1.3775989 21.702757 13.029053 26.905066 -29.98454 -15.362933 -22.716532 8.51323 37.039223 9.07323 11.075244 -55.015724 -15.09792
C14H18N5O11P+H+ -23.79678 -1.7601192 -21.142008 -2.3869298 48.151836 -13.272532 -2.2847497 -1.896609 11.486339 17.06075 4.9759717 -32.732117 -19.591606 -4.8496604 16.032988 28.065044 6.6392946 13.490278 -51.74344 -34.05937
C18H24O3+H+ -1.4047874 4.1510544 -3.4427812 -6.0391836 25.350046 -1.9478025 6.781295 1.5513502 3.5896246 18.710594 16.254747 -21.238972 -5.1414905 -10.781478 -9.149825 17.13252 0.5714095 7.3943596 -18.337297 -1.4243017
C18H23NO4+H+ -27.67452 6.5060067 -27.741375 -1.465748 56.285675 -29.085289 6.8134413 -0.25661308 17.905783 19.812883 16.130327 -23.214638 -12.317372 12.479669 21.289888 19.08307 -7.214547 18.866783 -36.332596 -38.60626
C22H24N2O2+H+ -20.209785 -3.1602874 -2.8266268 1.8202317 39.26676 -5.2886953 -6.4153767 -0.24969862 22.397957 9.598232 16.472652 -34.10134 -21.140654 10.032941 8.306028 21.241907 3.810082 11.033042 -29.59653 -19.708345
C28H50NO7P+Na+ -9.841272 10.51009 -8.757238 -3.0075696 26.851044 6.605504 9.409623 4.4148893 3.5303748 15.043248 21.104868 -24.829245 -5.2328787 0.4541429 -1.1918011 21.002504 -4.3727994 12.296263 -21.554749 -5.7712293
C10H16N5O13P3+H+ -13.634096 10.850325 -11.434995 -6.9474735 33.28327 2.2818432 2.691233 9.294704 9.555538 12.611522 12.403066 -27.833952 -7.149019 -12.861144 0.7639066 23.035734 1.4769579 8.805848 -27.874226 -13.512459
C18H33NO+H+ -12.150623 -15.1208315 -8.891698 -1.9783115 60.7057 -13.962144 -18.390669 4.588096 19.959967 14.227428 22.062025 -25.2804 -23.01706 4.4332967 5.591842 32.214375 4.135568 11.967402 -32.38887 -24.051292
C15H10O6+H+ -18.127619 -10.59158 -3.171484 1.1558716 36.158398 -4.1750574 -9.4437685 3.3192024 18.825407 8.778824 16.645185 -30.553892 -16.734922 1.9424689 3.9542918 18.476032 9.058502 4.293835 -23.986006 -23.016178
C18H29NO2+H+ -29.679985 -7.427298 -9.815425 -1.6880211 43.685253 -16.660679 -10.717106 -3.8150322 11.538705 12.138903 15.74753 -33.27391 -23.603502 14.302138 8.219604 16.770628 3.4171247 9.857602 -25.946806 -26.271414
C28H52NO7P+H+ -22.630255 6.494977 -18.754358 -6.7016373 40.221077 -5.1094623 -2.8639884 4.771309 7.4143558 13.211957 11.64769 -27.952032 -7.623276 -10.50554 -1.3129369 25.066036 -3.3905709 10.739375 -38.98969 -24.649614
C24H48NO7P+H+ -10.818418 -0.6129307 -17.341389 -1.711008 36.966858 -4.2123036 4.765284 6.3304076 6.450401 17.402729 14.578548 -16.953709 -15.444207 9.54479 3.4119303 24.461344 -0.53119147 13.384134 -28.424814 -9.821418
C21H26O3+H+ -6.0041156 3.185509 2.239273 -13.098869 31.179468 -4.850008 4.004623 2.0031059 10.969314 17.37381 16.012506 -19.839506 -3.7296138 -12.220731 -11.15297 22.806211 4.829232 9.96231 -28.876734 -4.2025
C9H14N4O3+H+ -3.956821 -6.1764846 -5.433376 -21.980904 23.830729 8.704769 -25.61617 -8.671132 6.970551 18.281342 15.802014 -12.689991 -12.837313 -28.438766 -10.941019 26.0568 11.824973 7.3466377 -43.360355 -14.24651
C25H49NO4+H+ -5.516422 4.3907356 -2.9801106 -7.2426567 43.004234 3.4083517 -4.4992275 6.592199 19.80507 11.493227 25.529047 -24.702625 -5.9918733 -7.407999 -3.8754747 18.806381 3.0829005 4.2592883 -27.296736 -7.2078137
C22H22O7+H+ -16.324856 2.9045734 -13.772092 -2.7913735 35.949448 -2.066996 3.3620143 7.5406394 8.706829 14.208378 16.918036 -19.369946 -11.957337 0.27141532 4.749729 22.577917 5.0054603 11.558097 -32.209385 -14.800505
C21H36O3+H+ -16.405893 -5.6734257 -26.663372 -5.232152 52.811554 -10.160346 0.7720348 3.6234305 10.594741 14.705392 25.744106 -22.721003 -11.072744 7.4669747 5.5326576 35.488617 -0.9280594 19.234184 -45.2595 -19.322086
C11H21NO4+H+ -5.0911894 5.7662053 -11.468713 -0.42801994 37.475903 -2.702244 5.849736 2.7486014 4.311514 9.438467 15.28566 -16.295805 -13.097142 10.038829 9.979501 19.464039 6.1370597 7.0446534 -26.215515 -4.337934
C8H18NO2+ -14.355563 -19.277874 -9.886627 3.3738997 43.785152 -15.199622 -5.959708 -0.82967615 11.483836 11.516318 2.1232948 -31.03686 -9.185729 -9.866789 11.654064 24.840405 6.8526773 8.511063 -43.79586 -26.251083
C28H46O4+K+ -6.9864197 1.8408271 -13.70885 -5.5500393 43.592464 -10.618527 9.162773 2.8823764 11.405741 21.588676 22.096266 -18.661203 -10.143206 9.723458 2.5504696 27.085068 0.36131874 15.974195 -32.56134 -10.100063
C7H16NO3+ -16.712425 -8.866894 -15.800333 3.0311785 47.2923 -10.679811 -13.333644 -2.5309608 14.284646 13.098496 12.549021 -36.8895 -15.140156 -1.1121879 8.322236 23.93819 7.41598 7.9038997 -30.701225 -36.599827
C9H12O4+ -13.879164 -9.646973 -15.187447 11.155463 25.376038 -14.45621 2.146956 -6.33441 12.382006 12.420156 13.67904 -29.93986 -13.642209 3.2379274 12.929675 26.780958 4.0716863 9.148432 -23.968477 -24.678331
C5H15NO4P+ -15.655537 -13.521452 -12.528525 6.024973 45.822258 -7.2203865 2.204007 2.4656658 8.484955 15.250475 13.867013 -24.178692 -18.818518 -0.83559763 16.274532 23.467163 1.8075386 11.552848 -29.298876 -32.95614
C24H51NO7P+ -15.6335 -6.0442705 -16.565617 8.816652 33.768166 -10.620634 -15.602902 -8.366399 9.773299 10.658834 5.00731 -38.273117 -24.217886 -8.220299 17.429682 6.4610558 -1.2073638 7.9198794 -22.959488 -34.210697
C12H18O6+ -20.010427 -12.248091 -5.9586635 3.9415383 43.721004 -12.853264 -5.455315 4.0603466 11.877967 13.297916 13.555111 -19.378876 -4.5264196 11.417051 5.6336527 16.715418 -4.7692237 12.661363 -22.065876 -14.634829
C21H41NO4+H+ -11.985373 17.591696 -4.4936824 -4.456054 25.741034 -5.203641 -11.976941 3.4351928 9.3378725 5.01873 11.46184 -22.7446 1.0691619 -19.635942 -2.6490161 17.9897 4.401918 5.1119757 -26.367165 -12.001378
C14H16O6+ -16.74279 -19.259123 -12.172835 6.7866483 42.18924 -21.35522 -0.13385841 -1.5650266 8.812289 8.029138 2.9174151 -31.800728 -12.299156 -5.7516165 19.716745 20.242949 6.0036497 -6.0044727 11.253606 -5.1235523
C15H15NO3+Na+ -13.463406 -23.246965 -16.465641 10.102161 45.193485 -13.57336 -2.5936308 -7.07585 12.377068 21.554451 20.244932 -36.381016 -21.164831 -19.00169 11.28257 13.807742 3.6178083 12.441913 -46.054565 -25.57508
C26H55NO7P+ -22.084312 -8.403075 -6.6008606 -0.50655997 43.11641 -10.706437 -24.17979 0.56589353 10.107253 9.826201 4.1577277 -21.803448 -10.339475 5.0609317 12.55613 17.38406 -2.9432523 9.719535 -22.838587 -31.467617
C21H28N6O4S+Na+ -19.682785 4.935116 -14.685274 3.89333 16.972952 4.808116 -6.226042 1.6975155 2.2418704 3.7563076 3.1563497 -20.804428 -4.9336143 -11.922097 0.76091456 12.43506 -2.68526 1.0006063 -21.41688 -19.453363
C26H53NO7P+ -15.637894 -18.035233 -10.365277 2.4049194 40.639835 -9.224643 -14.326549 -1.2557384 11.593974 13.434331 14.394413 -24.038996 -22.246935 5.4636264 16.561508 20.991955 3.3842504 11.171504 -34.414093 -32.25368
C9H9NO3+H+ -22.282963 -9.668 -6.661533 3.8203225 39.966637 -11.391687 -14.352209 2.3107123 7.961277 16.026035 13.411253 -19.083843 -18.927988 -9.36401 18.008589 18.422943 10.030363 10.662908 -39.887257 -38.718422
C6H15N4O2+ -13.3087015 -12.673651 -23.671005 8.888716 37.243317 -23.362677 -4.790305 -1.9020864 21.220472 16.045813 18.1981 -25.779814 -16.464062 20.340422 14.39266 37.068466 -3.4581656 17.177334 -26.021626 -32.443165
C25H45NO4+H+ -8.443805 22.695099 -5.531068 -10.118946 25.768978 -0.6828145 -8.204225 0.119508624 7.2017403 6.636736 10.9785185 -19.394226 -2.6670332 -14.716046 -1.0660735 11.423414 3.3113813 3.1002786 -25.884066 -13.222965
C15H14O11+ -18.162899 -13.735273 -2.0798333 5.161825 43.500023 -1.0120623 -10.807032 -1.858408 9.915487 3.1232142 -4.1980257 -11.561979 -13.118627 -9.165152 14.929523 12.534381 5.673049 12.420344 -40.50932 -23.419937
C4H7N3O+Na+ -12.839876 21.691137 -10.894519 2.049514 8.434218 3.012555 -7.7674885 -5.120775 -0.2763921 -4.691887 7.868604 -14.637644 7.7595825 -5.827767 -1.1251115 8.212909 -1.6581981 -2.8159113 -12.804987 -13.951747
C28H48NO7P+H+ -16.628933 9.224555 -18.746346 -4.907238 37.224003 -5.0487537 2.1149917 6.643255 6.0678315 9.821988 14.655515 -24.358208 -1.8623896 -4.690469 2.3242092 20.68425 -5.271 9.174859 -31.056145 -17.45374
C6H6N2O+H+ -14.114401 3.1007092 -8.383799 3.6401677 14.420398 8.117922 -3.6922567 6.497247 0.3297032 0.50675035 8.455474 -16.29463 -0.5055381 -8.022546 0.08836564 13.030788 0.21424599 2.7505941 -22.85273 -9.502365
C17H12O5+ -21.01798 -8.73734 -11.599567 2.3811607 39.726765 -20.339521 -10.917803 -4.5189095 9.559772 8.008166 4.5693545 -16.09854 -13.20205 -3.109146 19.438046 10.222267 0.86417186 16.090256 -34.68545 -28.89173
C27H44NO7P+H+ -14.688291 11.909871 -12.786571 -10.598208 35.647003 -1.7294492 -0.7034266 1.8333739 3.2411644 16.36403 23.611723 -33.322296 -11.761749 -5.6402397 -0.3714174 30.499928 3.3070567 11.265785 -36.231316 -15.983612
C12H20N2O7+H+ -26.359503 12.221326 -1.7349246 4.0169754 26.610285 -18.399984 -7.4959307 0.07222518 4.8441486 4.2138085 -6.3410983 -32.319073 -16.159227 9.663864 10.021282 4.4614058 -10.957317 15.208582 -6.1251607 -15.75238
C28H28O6+Na+ -7.382098 7.2548475 -8.567492 0.76355034 3.3073907 9.646931 0.48249942 1.6766294 -2.565919 1.0552102 6.2562256 -17.331814 4.923956 -7.965404 -5.0490003 9.781853 -3.0305557 -3.4945223 -9.880025 -5.836298
C24H31ClO8+H+ -15.83092 6.8191037 -9.361136 4.775926 12.118446 9.898184 -4.639374 2.171145 0.017814077 -1.144232 6.934853 -16.737446 0.82946986 -10.80172 -1.2927591 11.013055 -2.2100358 1.2556641 -17.986412 -13.16182
C13H15N3O2+Na+ -11.001627 -3.5238514 -5.743597 1.5454333 35.631306 -12.961835 6.425804 7.6282845 11.003414 1.9619688 6.616785 0.7287253 -16.258364 0.52187383 14.762224 10.327608 1.3579978 13.098631 -44.82597 -33.204243
C12H16N2O5+ -10.94397 -20.862333 -7.8726215 -3.7014525 52.657127 -12.473037 -2.0339022 3.691209 10.159199 14.875237 6.5583644 -15.109444 -17.01513 -5.294131 16.6812 19.994232 11.508383 6.9464264 -47.28232 -31.008038
C11H18O11+Na+ -7.2495246 3.545465 -14.776842 -1.0830214 5.0617037 2.678775 -5.7392955 1.9419457 -0.87279946 -3.591572 8.840512 -14.533413 0.73509395 -9.055886 -7.307803 8.925299 0.60805565 -1.8129203 -9.726122 -4.8993325
C14H17N5O8+H+ -18.934994 4.0318913 -25.021658 4.7116537 26.542149 -22.077513 -3.8470426 10.544788 7.450535 11.757542 0.23009288 -10.004349 -5.511398 26.444689 12.556289 11.215169 -3.2018573 10.321117 -21.831556 -28.979029
C7H19N3+H+ -12.243924 -11.591019 -30.613369 9.453973 33.39029 -2.5135696 17.655384 9.015767 -4.7965527 6.8130035 7.520442 0.70396906 -16.833015 37.03252 14.47201 22.379164 0.43953583 11.575945 -23.58613 -9.367661
C10H15N3O5+Na+ -31.1734 -12.277781 -12.718519 0.114398606 56.96871 -20.155554 -17.795298 1.7271085 21.372293 13.285829 -0.35296428 -24.073156 -14.446184 -9.88541 17.806297 16.79048 9.620521 11.555202 -41.47501 -38.962284
C26H44O8+H+ -12.623813 2.9241233 -9.282001 -6.5000596 40.540035 -3.8819757 5.8488836 4.895531 11.102213 16.320578 20.507603 -21.97186 -7.704447 -0.80756116 -3.8674552 31.475279 1.5195187 14.167284 -32.664146 -7.5073333
C5H4N4O+H+ -24.85829 1.7736866 -10.380668 8.0283375 23.009874 3.6374373 -3.2876673 10.045804 2.7739391 -0.93417454 4.618209 -17.607708 -1.4092709 -5.615678 -0.7443787 7.9851127 -3.2622232 5.9880295 -16.523561 -16.74459
C32H48O7+ -16.68986 -11.096353 -11.671722 -0.63163304 43.873116 -16.245272 -5.143763 -4.816092 8.039162 9.320791 16.000532 -16.23167 -14.407258 18.76388 10.321327 5.6264606 9.564363 8.146056 -24.30016 -13.268026
C18H30O+H+ -3.0242567 1.8457886 -6.504413 -9.5422945 35.030506 -3.407531 2.052488 -0.11724517 6.494078 14.091944 18.731802 -18.180338 -5.4907503 -8.019667 -11.888407 23.667398 2.5820231 9.634627 -25.843206 1.364037
C17H13NO3+H+ -13.476327 -2.3072224 -11.059565 -3.1883292 44.83735 -8.711832 6.1137557 4.1292677 8.824407 13.747632 16.693798 -17.945034 -10.753084 5.7032866 3.2133787 29.303898 1.5276358 15.948595 -35.12432 -11.911081
C28H51NO7P+ -4.4288874 -11.567922 1.6447506 -3.918651 36.741047 -6.494873 4.786153 6.7155685 5.898504 7.7101502 19.903471 -5.8970475 -17.901123 16.75706 4.809777 9.046373 -3.982084 15.366573 -22.151442 -11.583848
C14H26N4O11P2+H+ -10.085568 3.5773146 -8.955343 10.277981 24.35395 -5.4207635 -6.28604 -3.2313466 0.5470664 11.034752 -3.303721 -33.478912 -16.390644 4.509582 21.902433 30.322813 6.6323347 4.4986687 -24.512848 -43.978848
C23H46NO7P+H+ -17.302082 -9.735672 2.8185039 -1.9631412 39.800728 -27.212126 -29.684837 4.882708 25.577467 19.942575 -3.6750383 -26.186478 -22.863436 -1.068333 15.042498 26.034025 4.0251017 14.9475355 -24.729822 -37.079338
C23H44NO7P+H+ -8.037624 -2.648174 -25.603256 3.1156926 42.51826 -4.0146484 13.838482 7.439293 6.4896865 12.086606 15.814404 -8.517021 -7.3911824 27.519732 12.047907 28.158829 -5.6655164 16.895796 -28.37574 -13.70997
C25H36O3+H+ -12.881469 7.4408994 -11.365919 -7.848098 36.968346 -1.5219473 5.9369893 2.140019 4.2397876 13.858959 21.112427 -19.834953 -6.595024 -1.3159883 -2.2529373 27.688934 2.8601694 12.280094 -30.774837 -8.908233
C15H15NO3+H+ -5.809541 6.6613135 -8.145813 -5.788143 27.663967 -11.565258 8.751608 0.48131934 11.570791 14.1601515 9.242755 -10.012711 -6.7249923 7.4303846 9.655972 7.0945973 2.9487135 11.833963 -21.02994 -10.389701
C10H13N4O8P+H+ -21.890074 7.1367073 -9.721589 -8.246511 30.810844 -12.11427 -10.958127 3.438192 9.435805 16.029198 27.487087 -34.701103 -4.060368 -12.380439 -8.170179 19.151642 -1.0094613 7.832903 -24.075058 -18.932543
C34H48O7+ -0.47156003 -30.846432 -11.828132 -8.537111 34.353657 -6.9232554 0.93142706 1.3596499 1.4750006 9.917739 19.615177 -12.288939 -21.247225 -12.580938 9.637247 19.25874 10.078825 10.304897 -40.760647 -9.595209
C11H21NO5+H+ -14.6521635 3.2760017 -16.858995 -5.0640206 48.4261 -3.5323775 2.8702066 0.85435534 3.7062793 14.773529 20.913677 -19.392305 -12.6732645 14.04533 5.309661 32.441975 0.4596094 13.013575 -34.94494 -11.552224
C6H12O6+Na+ -8.773189 -5.887749 -21.077766 4.417876 46.819145 -9.849904 17.952782 5.693819 5.4881825 17.809942 18.408428 -14.528334 -16.063702 32.44587 15.6726265 26.25656 -5.9905596 17.858326 -29.518906 -14.282829
C10H14N5O5+ -23.763002 0.5776677 -6.4302917 8.899709 23.192125 -14.745574 -25.699686 2.859349 18.5911 13.271626 -13.740206 -27.649567 -10.447999 5.0077047 16.34222 17.485495 1.9642358 8.175808 -21.798937 -46.11785
C10H13N5O5+H+ -6.9807925 -0.14774957 -10.356595 4.515362 18.411861 -15.858298 -17.843227 3.4890943 14.589301 13.452892 -10.872952 -23.089222 -12.268632 7.8151727 15.141183 21.722752 2.148732 8.895694 -23.358927 -42.203342
C11H19NO6+H+ -20.549034 0.8011742 -15.21382 -10.585739 57.062256 -0.33861077 -5.6553965 4.499732 6.6157966 15.181699 22.754925 -27.688555 -16.713642 -1.8701211 1.1384178 41.57227 2.176849 13.735481 -47.421597 -14.853704
C23H43NO4+H+ -7.4865065 14.848894 3.9411407 -13.907723 11.712984 -0.36522666 -14.077256 4.3242364 9.172523 8.114902 14.645853 -27.406599 2.2393692 -30.532152 -10.362417 16.596869 3.8553243 4.8309445 -24.684582 -10.230216
C37H66O4+H+ -8.939732 -16.980568 -33.056164 0.5508622 53.2778 -14.270211 2.9777355 -1.6277636 15.603527 22.219585 37.13965 -37.60953 -14.7845 15.686127 6.725889 45.67484 -2.1863525 25.62099 -38.866646 -19.473915
C8H14N3O7P+H+ -9.67441 -12.386846 -28.239548 0.284205 43.21945 -21.542187 7.363902 -3.1021874 29.122545 18.504057 3.9186769 -23.894133 -13.758518 0.95516664 10.039232 22.283222 4.570941 12.553474 -32.59192 -20.085846
C10H13N4O8P+Na+ -8.535648 4.6563673 -8.725039 -2.723803 8.180104 -14.212168 -10.336313 -4.8525786 2.8913465 7.290528 18.244717 -22.080206 -1.3102654 -10.043866 0.23205279 4.6535234 -1.6603345 4.0583677 -11.304195 -14.310611
C12H20N2O3+H+ -9.881109 -0.36346176 -22.426807 0.19590367 50.05097 -12.250346 13.666151 4.8084683 5.2957325 19.091373 21.588266 -12.97212 -15.270056 27.335882 12.17436 25.56013 -5.3377204 18.871529 -30.280455 -8.780263
C10H13N5O5+Na+ -18.97177 2.4596617 -4.19262 7.830382 18.076075 -17.303648 -19.271025 13.152385 11.860427 16.448677 -17.280907 -31.16592 -8.66284 12.859932 10.359177 20.509558 -1.237334 8.38442 -14.420148 -46.611782
C14H10O8+H+ -16.022144 3.5324583 -9.651538 7.8585463 19.95228 2.6531615 -1.0841662 4.1331854 -0.7333309 8.389382 9.8824215 -25.58059 -6.9570217 -5.0305057 0.9730571 9.919302 -2.3084536 7.4397798 -21.665665 -16.909454
C5H11NO2+H+ -5.4343495 -6.079659 -29.138254 8.686743 52.195244 -13.06593 20.1357 1.4969134 5.4092064 21.917074 18.360462 -7.7700424 -17.154839 47.46888 20.204342 20.031666 -11.229436 21.190544 -24.8088 -13.77309
C9H17NO8+H+ -9.251964 -22.517004 -17.71661 -3.869136 50.438213 -14.290598 1.0002931 -0.0085192835 13.001718 11.689321 14.0165 -8.962603 -18.765182 -18.986418 10.023505 12.928993 9.032561 14.880282 -52.09476 -9.157234
C10H17N2O5+Na+ -9.183842 -24.103222 -12.412272 -4.0103493 45.375668 -9.879894 -4.373392 -1.7579811 11.278085 8.2217 12.7139015 -10.464346 -13.282622 -10.786668 9.332999 8.214848 4.06578 13.008192 -43.422035 -13.013257
C34H50O7+ 5.1398864 -32.081432 -20.196299 -3.7485375 38.16155 2.0995169 -0.8504952 -9.341381 7.7468963 10.911603 22.774824 4.6210575 -22.837088 -1.3621354 13.845472 25.97415 8.012172 16.197395 -51.520664 -9.902989
C10H15N3O5+H+ -12.482953 0.31117603 -15.574133 0.7640842 36.518337 -27.456402 2.1024578 3.4130793 30.597843 24.500048 0.5568593 -30.834665 -8.379461 8.261244 7.8180466 23.086409 2.2463958 12.118549 -34.734966 -43.489685
C7H7NO2+H+ -10.38685 -4.026255 -27.465847 4.545785 53.009987 -13.936554 16.142208 3.7036006 8.032321 22.10457 18.01073 -13.5927925 -17.181522 41.56178 20.016008 21.493385 -10.259213 19.44518 -29.752361 -15.70833
C10H19NO4+H+ -7.584953 -3.2634826 -19.85369 2.3871956 40.65984 -1.2307441 8.466021 -0.09088361 -1.1980698 10.541975 19.447666 -16.756006 -14.8023 24.832748 8.264652 29.37049 -5.660561 13.952904 -27.379854 -7.1347
C35H66O4+H+ -4.8548837 -9.899801 -19.802738 -2.696822 35.10465 -11.615061 1.2463881 -3.8178403 7.505501 13.840911 23.485893 -34.29398 -11.571527 2.4609249 -2.4464064 34.5671 4.2195635 15.7055435 -22.88333 -13.079291
C12H23NO4+H+ -8.709788 -1.1669168 -19.106724 2.9753027 38.468956 -2.428015 10.854585 1.409264 1.0777864 14.298026 16.608013 -13.160292 -11.859777 26.792252 7.638806 24.744516 -6.749169 13.715274 -21.920855 -6.654912
C9H20N2O2+H+ -9.957522 -3.5926423 -18.15703 -0.92051536 42.619274 -9.470115 7.814638 4.4749284 8.117636 19.76958 14.736398 -16.42779 -14.391475 23.132273 10.5080385 21.675932 -4.041129 14.020767 -27.879015 -13.212465
C17H26O4+Na+ -9.364832 2.104239 -20.213078 1.3215148 43.630768 -7.9871893 12.150535 -0.14164546 6.4337463 17.757555 17.309622 -10.6819315 -13.019848 24.550499 14.15555 18.306929 -4.5531306 15.772066 -27.83536 -11.961604
C19H22N2O+Na+ -11.831407 16.117538 -19.976854 3.5216584 7.275884 -37.953697 -2.850259 2.2239714 23.095417 8.676141 1.8499384 -23.804882 3.995516 10.01666 5.758175 -9.774373 -14.816731 5.6466966 17.1477 -31.834038
C18H23NO4+ -13.201239 13.930134 -16.606644 3.2804742 7.562427 -38.66209 -8.566217 3.2326174 26.446262 9.5347 -3.3083234 -22.433504 4.872578 5.5758553 7.239189 -7.325133 -18.453756 9.8489065 11.890897 -30.98742
C14H20N6O5S+H+ -13.3586855 -11.480465 -11.52399 4.172863 16.01869 -1.210387 3.7691927 8.404548 3.1489336 4.5787816 2.8119333 -15.182152 -9.187582 -2.5064569 4.6260567 9.569712 1.5337515 4.8615074 -15.421487 -15.780259
C29H45NO4+Na+ -6.9262 -4.7636485 -9.40401 2.613741 2.922247 0.07552962 4.211322 8.633222 -0.518033 3.4628735 -8.679662 -3.0749311 -9.705098 -0.754298 4.042119 0.7375517 5.146791 -0.6862688 -2.1019986 -10.300408
C10H9NO+H+ -25.549187 16.870743 -20.609646 10.345545 15.648834 -27.745584 -16.967396 16.584494 21.440722 3.6506412 -21.99898 -14.23842 9.289414 16.15866 9.487133 0.57663614 -11.767453 6.802408 4.726864 -42.473312
C21H20O7+H+ -10.098698 -9.530356 -11.745677 4.3556557 11.812939 0.66742754 4.9256263 6.5797067 1.8711901 4.7149835 2.4079766 -12.359827 -7.2438984 -2.0121324 2.9386053 6.679697 0.16821016 3.4721406 -13.246082 -13.035665
C14H29NaO4S+H+ -7.0837717 0.22183043 -19.868631 2.2171323 38.549778 -7.968189 11.971303 -1.1537781 5.6251407 18.027843 17.032429 -6.6003284 -13.609427 29.81397 16.117481 13.989166 -4.3891706 13.682187 -24.568289 -11.486785
C11H15N2O8P+H+ -5.9866204 -1.4575626 -4.0440893 2.4412704 10.630271 0.43590128 6.9289346 2.1138906 -0.48097768 5.5052514 2.2385855 -11.993996 -4.5992785 -11.1707 6.445047 -1.9337155 6.9710608 0.8184216 -12.512957 -8.069463
C19H24O4+H+ -7.183682 -1.002456 -18.679865 2.3885148 36.865944 -7.501014 10.758436 -0.5432398 5.412247 15.923047 14.6268635 -4.1608124 -12.984241 28.322023 15.146399 13.791 -4.2141247 13.1050625 -23.118443 -10.616469
C27H44O7+ -9.02755 -14.896675 1.944697 1.2654293 24.351427 -16.980202 -40.961494 4.5970736 24.894878 20.935816 -1.4968265 -21.335703 -21.683111 -0.7036807 11.698391 28.115187 2.8897715 11.27865 -18.635746 -29.303265
C27H30O11+Na+ -6.0606847 5.649835 -15.944328 10.51118 21.049372 0.4417815 14.432565 3.3276622 -1.9134207 0.67779404 5.8145876 -1.4917089 -1.5474855 20.27 9.76866 5.6500125 -5.160336 11.973224 -15.015419 -8.74518
C37H47NO4+H+ -0.9086973 14.348946 1.6503149 -0.6014326 -3.8607771 7.4092436 0.5290321 6.1485834 2.083862 -1.8079689 -10.828669 -0.031995565 6.6903706 -14.578227 -0.7166991 -14.344267 -0.11793643 -6.352981 -1.2913082 -4.1969514
C24H48NO7P+Na+ -3.4749322 -6.36543 -6.48117 0.39617783 5.4311633 -3.2453468 2.4858208 3.1168835 0.8295084 2.1937108 -2.681033 -3.9372818 -8.256928 -1.1982254 5.5888877 3.0309575 6.5859413 0.4936361 -3.8468003 -7.7566524
C26H56NO6P+H+ -16.922176 7.413829 -9.911665 8.076175 9.593666 -25.991787 2.4201677 5.642705 26.960886 5.685066 -12.765928 -6.721141 3.7786696 16.279228 7.1351967 3.9663746 -17.108778 6.565031 5.388901 -25.061617
C25H50NO7P+H+ -12.656313 -15.993419 4.5931735 -3.3347614 10.22193 -9.8388605 -23.634329 -0.86901754 15.268521 10.608963 -1.6534646 -16.15661 -16.433878 -16.174467 4.770064 19.706438 5.58588 7.7009163 -18.549137 -3.7949283
C6H8N2O2+H+ -2.5247817 -6.7253337 5.142045 -2.5261962 8.469134 1.1317465 -0.25805014 0.7114737 1.8166453 4.1790657 1.2284099 -0.08508699 3.2502954 -4.938933 -8.717951 8.43241 -3.709852 -0.58925784 -5.3454714 4.495389
C16H12O9+H+ -9.142135 4.1345997 -2.6289206 -5.280715 19.159805 -0.34594694 -3.322142 3.322012 5.261492 7.988494 11.60307 -13.70086 -0.32263103 -4.7013464 -6.310198 16.94063 0.5857871 2.006529 -15.527616 -3.9176645
C26H52NO7P+Na+ -17.688986 -6.2815843 -11.924877 2.5810895 1.9964867 -19.315056 -21.249952 -7.390458 22.251839 16.07455 -5.9550347 -29.657442 -7.0074654 -11.94052 15.887936 27.290478 2.649242 5.746102 -25.416021 -33.1945
C19H37NO4+H+ 6.717464 12.864039 6.414912 1.3819555 -6.4058943 2.1469245 -2.1329505 0.89884806 2.9599655 -1.0385711 0.122648545 -1.5886968 3.5127885 -5.3649015 4.0191383 -12.66639 1.1007203 -4.8309026 2.8773994 4.875194
C12H22O11+Na+ 2.2832177 -0.7892185 -25.955418 9.9710455 1.2445692 -35.795574 11.774503 -5.1556554 12.488283 11.4290695 0.81890213 -8.452287 0.5830606 27.93155 16.710724 3.0407877 -21.64378 14.037155 9.342762 -12.354494
C6H6N2O2+H+ 1.2403321 -1.9439191 5.262061 -2.4268556 -2.3147447 1.7533597 0.11117774 -1.9554168 1.2593955 2.7091937 -1.1522938 2.9524987 4.821878 -4.319004 -9.069885 2.3446167 -3.855328 -2.5198588 1.7840681 5.8699026
C31H33N3O7S+H+ -6.650626 9.863978 -6.5959024 3.2995296 -3.1102252 -27.036127 4.536467 7.770351 -1.2544693 -5.0622673 -11.953412 7.0435963 13.093286 12.410421 8.986971 -11.956962 -9.794299 0.98021746 10.739936 -14.681972
C26H48NO7P+H+ -10.441498 18.372192 13.812414 -0.6505748 1.1528695 -7.509458 -9.673837 6.400321 0.16066465 -0.09291678 -10.246605 -24.474234 -0.23859438 -21.121449 1.4773921 -17.262255 2.7203944 -7.299386 8.092832 -18.652256
C30H46O7+ -13.13294 17.770493 14.162272 -1.0325892 2.0184486 -8.004332 -12.162276 5.87083 -0.32614878 0.12626682 -10.4122 -23.542929 -0.99180996 -22.86164 1.9358873 -16.3623 3.0348828 -7.065674 5.551414 -20.911743
C26H45NO7S+Na+ -10.433539 16.90385 -7.053074 2.5589714 1.5244386 -41.391464 -1.7122566 9.679948 0.3240359 -1.8938957 -20.443954 -2.5623198 13.269623 1.7223543 10.112367 -22.922577 -7.5893197 -0.9211235 12.83475 -29.784971
C28H56NO7P+H+ -11.301289 -19.584642 4.315915 -6.065866 14.205996 -16.911055 -28.115595 6.411195 20.361498 17.208878 -6.089398 -26.23686 -11.541211 -13.442005 2.6911156 23.010733 7.7998343 4.004214 -20.158266 -18.049763
C32H49NO5+Na+ -7.3325806 -8.787481 -10.030507 1.5781475 14.695878 -5.6568565 0.752035 1.515371 1.7238994 2.7184703 0.36512017 -5.817815 -7.7872343 -3.2999346 6.498465 1.7611578 2.4801376 2.601532 -15.7494335 -10.091371
C24H34O2+H+ -0.6616369 2.7997284 -2.462475 0.19244745 0.00566455 -2.062061 3.2372768 2.8940828 0.53506523 -3.0092711 -3.5460024 13.556246 2.7336369 17.945038 7.677351 -1.5620815 -1.4633931 1.3242453 1.2962921 0.21400246
C13H24N4O3S+H+ 2.9152825 9.050097 -18.649466 3.1559143 -11.503704 -22.973024 2.112099 -4.5329027 9.454246 8.601047 1.6200029 -25.494171 2.6017785 3.5009108 2.7507308 1.9890636 -16.81866 1.067728 27.393803 -14.958776
C34H34N4O4+H+ -0.8688697 -2.0469856 -2.1919165 4.9091434 2.9116497 -0.51939684 4.027579 -0.44468647 -1.0033218 -1.7513661 4.728667 -2.9095004 -2.0873356 0.9606824 9.180446 -3.1488352 4.721488 -0.13174912 -6.3010716 1.5697062
C27H54NO7P+H+ -1.4544425 -0.2757686 0.9251357 -2.5788302 5.7312307 -0.39745945 1.0954549 0.04099871 2.1490374 4.7023253 3.6614423 -6.6228456 -0.9999925 -3.9062672 -3.6360016 4.9656034 2.2187965 1.8421937 -6.1989546 -1.4948469
C24H50NO6P+H+ -2.5150108 0.15144989 -5.495804 2.5916207 6.5477133 -1.4109455 2.0256646 1.4580182 -1.1761588 -0.61762935 1.515242 3.5858006 -2.4366333 8.488839 3.806929 1.8973703 1.3964512 1.4295849 -4.521669 -1.6763979
C20H16O7+H+ -0.9774635 -1.8337681 1.5414408 -0.4113676 4.820883 -1.2805244 -1.4680595 0.5983723 2.996775 1.638542 -2.0957406 -1.510239 -1.4701612 -4.8260813 0.3042903 -0.15806757 0.97288424 -0.0023181122 -3.6014824 -3.105996
C31H42O9+H+ -7.5009413 -8.67536 -7.563395 2.1571243 11.636418 -1.3289465 -0.4510518 7.1307497 1.4651076 1.6010561 -0.5190651 -3.739992 -5.6829157 -1.7338067 3.874153 5.873309 1.952331 4.571711 -15.450836 -7.776791
C25H31N3O4+H+ -2.064325 -3.6965418 -14.739313 5.634898 19.44203 -10.152037 6.698793 2.292561 5.734592 8.577268 2.2185798 4.154801 -6.775442 23.624077 14.39865 0.8177762 -6.08062 9.092298 -10.012216 -9.718724
C15H10O5+H+ 0.04579071 1.6076663 0.45785835 0.79236704 1.2122997 0.31723663 0.20686446 1.6850193 0.56709 0.6781972 -1.4790343 0.27113858 -0.17754212 -0.7889986 0.30988038 -1.0248216 1.54801 -0.5359555 -1.62719 -0.56471825
C24H51NO7P+H+ -2.8904538 -0.92367995 -0.56891763 0.2002519 1.8356223 -0.29836723 -1.3266861 1.1427563 1.0562285 -2.4343712 -4.703531 5.660123 -1.2594439 2.7570186 2.329885 0.09483756 0.6711293 -1.7830436 -0.4440287 -0.8236168
C16H18N6O5+Na+ 5.241984 1.9929868 -1.2862673 0.053093694 -0.757279 -4.693912 4.4332247 -5.648845 0.17407966 3.7273843 -1.9801011 5.1876545 -1.4807214 6.834196 5.9075546 -9.251137 1.1394429 0.2099903 4.3153634 -0.68139184
C32H66NO7P+H+ -1.9591011 -0.7222743 -4.2620344 1.2252464 8.011696 -1.30392 1.772736 0.6355511 1.5099037 2.9504473 2.694364 -1.6863768 -2.1214683 4.8163633 2.6414833 3.4149168 -1.1174933 2.953665 -4.9338512 -2.493366
C24H29NO9+H+ 3.546921 1.90347 -1.1910754 -0.37562078 0.17726687 -4.4585786 2.809354 -4.6907883 0.21023276 2.9292362 -2.7147052 5.0384207 0.05611676 4.6309934 4.646591 -8.325338 1.8530661 -0.26672047 2.2320726 -2.4048593
C18H33NO+Na+ -1.4330283 -4.9228616 -0.64463055 -1.4779632 -2.9303825 -1.8653802 -1.217995 0.6413829 -2.0440392 -4.5968456 -3.1544247 12.673862 -1.6470903 9.331775 0.5447011 2.282241 0.9347952 -2.8973508 5.248631 4.8590255
C15H23N5O3+H+ 2.6382291 2.3708856 -1.277233 -0.73345506 -1.091647 -5.6619525 4.148248 -1.2582518 0.10065751 1.422987 -3.6885917 5.492207 -0.09500479 6.356777 5.35225 -7.160478 0.6318648 0.36169136 3.341682 -1.1437696
C15H10O4+H+ 0.8148314 1.0618151 0.48965645 0.5311092 -1.4343232 1.6710583 1.0057294 0.90448195 0.103674546 0.29866746 -0.39165902 0.6819081 0.45230767 0.047302872 0.44445294 -1.3667066 0.22680272 -0.7378522 0.06658409 0.9067944
C12H22N4O5+H+ 0.3166238 1.2553691 -1.2253187 -0.10519076 0.67065144 -1.6600425 1.030748 -0.8923251 -0.31786576 1.2373558 -1.2746607 1.8629628 -0.39202082 2.9740422 2.7358603 -2.934214 0.6267737 0.107712224 -0.67999667 -1.6372149
C21H26O4+H+ -0.9443154 -2.0429568 -0.2554051 -0.44201174 -1.7262158 -0.8228303 -0.654593 0.8596902 -0.75080526 -2.1305044 -1.727104 5.736109 -0.88629454 4.5315065 0.20210285 1.3851044 0.51153576 -0.8982161 2.60009 2.000278
C25H30N3+ -0.25059274 2.0281951 5.7322335 1.5245582 -1.1912438 2.919901 -16.568907 -5.4157257 7.297198 -2.165011 1.7425748 -4.8363442 -3.2874136 -2.0308974 3.0177374 1.0472314 0.68399763 -0.30001786 2.947796 -3.6256003
C19H19NO3+H+ 0.041766673 0.48132336 0.2566516 0.4245778 0.7554234 0.17250274 0.33028474 -0.14509717 0.033719018 0.07407891 0.039811086 -0.54065907 0.06355785 -0.1494652 0.7434569 -0.51218194 0.22198403 -0.38478222 -0.66513306 -0.034609973
C16H28O8+H+ -0.14708483 -0.049760025 -0.046628743 -0.002114236 0.065040834 0.122592874 0.1522046 0.18633354 -0.1490217 0.16459917 -0.41000885 -0.030434884 -0.09769376 -0.33822414 -0.032551207 -0.31136385 0.022738138 -0.18084262 -0.1567548 -0.13987274
C30H26O9+H+ 0.13023926 -0.04947065 0.06823197 -0.04385689 0.43726835 -0.05949117 0.066044256 -0.04868482 0.117295064 0.25590676 0.14421597 -0.3014254 -0.13266091 -0.2686857 -0.20369224 0.10297379 0.032500252 0.109515294 -0.37079635 -0.037364226
C15H27NO2Si2+H+ 0.09227259 -0.13538428 -0.10141918 -0.08704707 -0.40481842 -0.04986738 0.13980663 0.22117408 -0.080063745 0.16550688 -0.062351987 0.4603236 -0.10135599 0.31281748 -0.07417885 -0.11675479 0.28500327 -0.10429694 0.21584946 0.164783
C24H30F2O6+Na+ 0.43762404 0.114150956 0.2585636 -0.014603163 -0.041503783 0.21813126 0.14197513 -0.74968475 -0.3141526 -0.28273827 0.06722868 0.5952589 0.32234398 -0.46119598 -0.042848848 -0.5674184 0.31523582 -0.18090682 0.26509157 0.19793098
C15H29NO5+H+ 0.075913325 -0.018766122 0.028110005 0.0067982497 -0.24385834 0.077003404 -0.008104412 -0.00022069836 0.07626519 -0.096509606 -0.035771485 0.09622379 0.10912193 -0.005704928 0.017892117 -0.052931696 -0.037694104 -0.054537863 0.12109925 0.048333555
C16H33NO3+H+ 0.2433717 0.046441868 -0.46039492 0.11200356 0.18598014 -0.444656 -0.027468577 -0.14638323 -0.2072129 -0.18751071 -0.08869926 0.04404105 0.24259944 0.17068881 0.018435964 -0.22317177 -0.0075118346 0.019500902 0.24808416 0.24137816
