69 20
C7H15NO3+H+ 11.204584 -3.1442592 5.6581964 13.190042 -27.755554 0.43259192 -11.16502 -12.109221 -19.8708 -7.1575036 -4.323792 20.012392 24.835548 -1.1718155 14.828351 -10.806546 -2.0488677 13.01632 -10.270887 6.337024
C15H22N6O5S+H+ 12.168329 16.942513 5.242064 7.810661 9.939737 -8.171931 9.388042 -8.066418 -25.345772 -8.04577 14.184775 20.429268 13.149553 6.5720177 11.803027 -9.808524 -1.0613973 -9.710023 -4.0982285 4.5582194
C24H50NO7P+H+ 6.943786 -11.250023 -9.471996 -5.2655582 14.759173 6.858405 -5.632024 9.8524685 11.925075 -4.243491 3.8904576 -13.842089 -2.1585925 -3.1003895 7.799503 -11.4139595 -6.347548 -4.800897 17.562826 -16.878029
C4H9N3O2+K+ -3.1945767 -3.8753335 -4.3059244 0.63267606 -31.45724 15.789671 -12.675475 -0.9207051 0.12803888 1.4945194 -3.2868326 12.47675 -27.066416 12.895393 15.658248 5.1615214 0.9496999 -11.252051 1.1403165 -12.381433
C9H17NO4+H+ 21.58451 20.648548 -3.9939673 19.267332 -7.471022 14.668299 -11.744474 1.38884 3.3826993 10.234546 16.466576 -8.838612 -19.763151 -3.939816 -3.5783167 5.185662 6.328654 6.45753 3.2502494 7.472039
C10H7NO3+H+ 21.49796 9.212656 -5.197664 11.420674 3.9878051 5.545309 -22.359604 -0.39698747 -20.831018 6.780152 18.224386 -8.032048 18.229631 6.831791 14.473393 -14.779329 -3.758908 -0.88555765 2.8389447 -4.2703934
C11H21NO4+H+ -1.7080772 -8.887202 9.660414 -3.7613862 -10.2232065 0.5382808 -4.9085927 -4.7529435 -20.67719 2.0816085 14.701898 -2.441876 14.703332 10.031513 19.337431 -2.8674095 0.3824268 -11.828227 7.465339 19.536325
C22H22O7+H+ 6.789412 5.686504 5.67119 8.979827 -6.6019 -6.977206 -9.778435 -10.127379 -2.319258 -3.215841 -3.1355283 1.105906 10.337095 -4.924149 0.95616996 -5.196674 -3.0053048 -3.4883652 -0.47905993 4.1032815
C10H7NO3+Na+ 10.99217 11.567987 2.4956357 18.265635 -14.92065 -0.8630871 -6.7279634 -8.59988 -30.689444 13.489483 -3.3624036 27.2264 -5.678631 -7.528633 26.438541 -10.713997 4.802042 1.4584186 -24.963509 30.45275
C8H20NO6P+H+ 58.949154 10.596682 -6.212599 21.606903 17.188395 8.014832 -17.43408 20.500061 -18.72641 -2.8907492 25.367294 -9.627353 30.835302 -6.1968365 -2.612188 -2.3161376 -5.184739 -5.6061764 22.589275 30.704136
C10H7NO3+K+ 10.483096 -10.606786 7.8962107 0.33278355 21.809078 -3.599164 -13.936066 14.032334 -6.5405254 1.7330016 5.3625298 -3.524262 8.806118 -7.7467494 1.4158348 -6.9827194 2.0335886 -0.28921527 2.5454836 19.26958
C11H20N2O3+H+ 15.165548 9.230363 0.6051162 11.09239 5.5894885 3.4587307 -27.997026 0.6077692 -2.0846083 0.19953804 16.57918 -13.1343975 7.8502593 3.9652991 0.273899 -5.315912 -5.770118 -9.191435 8.600966 -11.742309
C8H17NO2+H+ 31.60873 -6.04654 0.55976224 -0.68276894 15.204333 -5.318075 -20.905386 12.101034 -24.880995 -2.9009423 10.439472 -5.64641 32.570545 -2.2861161 13.271439 -15.890173 -4.9578505 -1.8054236 -0.5622646 0.98222446
C10H11NO+Na+ 25.115005 2.0348084 1.6062909 13.5793295 -8.64271 6.9248486 -18.381474 7.9412737 -37.685993 8.394352 16.771255 17.022303 15.568835 8.46853 23.715822 -7.244318 0.5035174 6.954779 -5.7871165 24.196413
C29H47NO4+Na+ 25.663246 -3.5008984 -13.723844 1.3031285 9.250696 -0.3455456 -7.9833045 -1.5797081 -10.424669 7.2678957 -0.031070948 -12.847534 38.30516 -9.177519 -9.025894 -10.954599 -13.142006 -0.34400338 -24.169365 -13.167447
C9H20N2O2+H+ 15.979672 25.548166 -11.832562 19.885218 12.134083 14.322197 -15.567182 15.43105 -32.468796 10.255745 19.387419 13.194246 -16.117893 -2.3156257 26.059118 -9.944011 2.007405 -11.656025 -1.1575816 23.784441
C7H15NO3+K+ 36.478947 14.904439 -3.1189406 17.16207 14.733563 -13.976984 -11.724309 0.9515339 -25.077108 -5.5900774 -11.034209 8.878902 42.59554 -17.656898 25.019846 -27.875175 -0.563955 -5.4471045 3.7966056 6.5952306
C26H50NO7P+H+ -10.062783 14.0328245 -5.805641 8.342797 -7.0050445 8.072462 -7.6779966 12.075453 0.5700435 3.6025176 -2.5581295 2.2790797 -7.279127 3.4534895 10.909947 4.8400197 -0.16867268 8.743858 0.60059124 19.411497
C13H17NO3+Na+ 8.905588 -2.6273482 -3.7332046 3.8713965 4.3471894 1.6833262 -1.7932636 4.954937 -4.90608 3.3677812 -0.3324152 -0.7542703 7.6603284 -4.120369 0.15881737 -0.48288813 -1.2887765 -1.8922813 0.24815513 16.3447
C10H16N4O3+H+ -0.16681744 8.879378 0.762157 19.954918 -22.954603 13.267321 -25.836689 -7.681019 3.2251942 -7.463197 7.6623726 7.6813574 -3.3445468 9.15381 5.7032347 -4.873196 1.0249624 16.96903 13.416985 -8.325721
C8H20NO6P+K+ 8.329808 -5.559137 -4.9658275 4.302493 4.667784 2.5852404 -2.4428525 5.1499805 -2.1816397 2.9598932 -2.5819023 -2.7520223 9.739136 -7.569306 -4.004299 0.7324591 -2.2146745 -4.3151245 -0.0233441 21.176859
C26H52NO6P+H+ 9.437542 10.5476465 -2.831909 8.917781 9.358002 9.313431 -27.441696 22.944056 -28.559946 -5.3939276 25.319723 10.333347 1.5762333 -0.3743407 9.60531 -4.350495 -7.1243515 8.683656 -7.9086576 21.680761
C10H19NO4+H+ 12.098299 2.3486261 4.2375393 9.463286 -12.131664 0.5946175 -9.475868 -13.956166 -10.198908 -0.3789894 10.96025 -6.7287426 25.067083 9.173657 15.318594 -18.403044 0.8760803 17.322773 14.3803625 -25.902626
C8H20NO6P+Na+ 7.4378715 -3.480008 -3.6259136 4.34346 3.663361 2.4560673 -2.6412072 4.588615 -3.4789093 1.8022624 -0.84200203 -1.2676551 8.089268 -5.533629 -2.3523366 0.085450746 -1.7531564 -2.8953824 -0.57992643 18.089212
C10H11NO2+Na+ 40.619698 24.74361 -7.2468643 26.08073 -17.407862 16.583454 -21.01905 8.2727165 -38.782536 11.463408 17.44018 19.593979 -5.598951 -5.071637 18.492777 -0.26632673 -1.5395327 -15.766801 -23.314716 32.413956
C37H68O4+H+ 56.804974 16.329824 -13.419299 16.059843 5.5847044 18.026138 -31.576168 38.51 -46.416 30.0896 13.273384 0.8263972 11.713999 -15.895944 19.75785 1.1773995 1.7676697 1.8025923 -44.846676 48.964104
C7H6O4+Na+ 6.992574 7.2150927 -2.2466893 2.6918418 2.4533281 2.3041549 -3.5879529 4.9929132 -7.4309416 2.2884502 3.4014482 4.738148 -2.987952 2.1260083 9.5078125 -3.8944204 2.3070934 3.8741934 -3.0951517 -3.1090446
C15H28O4+K+ 0.2795623 -0.10305205 0.074960135 0.08111652 0.048578773 0.022381697 -0.23268324 0.10089142 -0.0058467994 -0.042302053 0.08819812 -0.1486715 0.12946124 -0.1403271 -0.12886786 0.028735 -0.0133979535 0.04476298 -0.0059548314 0.2725949
C35H66O4+H+ -2.70307 -0.8877807 8.858285 -14.163655 15.177034 -2.5088153 5.068976 16.729563 -11.697486 9.689873 14.020373 -2.2225516 -22.55474 12.681616 -7.505125 15.814083 14.866541 -2.998363 0.37344423 10.947054
C7H6O4+H+ 14.095997 5.542887 -4.6464148 6.876157 3.9081192 4.572264 -7.0637107 7.1574426 -11.215978 4.3069158 3.812448 4.5421705 3.8458207 -1.4673595 10.222055 -5.0613546 0.6661159 0.9361196 -2.4644475 9.653948
C22H24N2O2+H+ 17.617418 1.3674054 -6.678887 8.0118475 5.411586 4.8186207 -7.706243 8.29682 -11.0700245 5.717842 1.7198186 1.9470304 9.041568 -4.6206503 7.1881213 -4.440979 -0.24698609 -0.8650176 -2.1405451 17.611893
C18H24O3+Na+ 0.4293698 -0.06986641 -0.016500749 0.14978535 0.07354901 0.06480357 -0.32827345 0.07814633 -0.16484769 0.032433473 0.16934758 -0.11010728 0.21900922 -0.09916417 -0.021592516 -0.0939621 -0.002740019 0.029539406 -0.0064919847 0.32424125
C13H8F2O3+Na+ 10.084386 6.3187776 -2.656537 3.4327388 3.2730398 3.0495224 -5.556136 6.169539 -10.131774 3.3370721 4.4061265 5.2913575 -0.3751231 1.8687352 10.584975 -4.620747 1.992889 3.1874304 -4.8181796 -0.48923433
C23H45NO4+H+ -3.0048535 -5.913127 3.4934871 -15.2256565 13.841294 11.277143 -21.429686 27.262716 5.787894 -14.306314 15.187166 -16.107363 6.0597353 3.8823578 1.2271658 1.4972441 0.71139985 0.8355136 6.206474 -6.469505
C11H8O5+H+ 7.1984057 2.184375 -4.774866 4.358021 2.2469203 3.6298804 -0.42730144 4.6700625 -7.3434334 2.78253 1.4671772 5.282111 2.749708 0.7874644 7.2646065 -3.2393374 0.35794297 4.1276016 -1.5331944 7.281965
C14H10O6+H+ 10.371153 2.6959875 -4.1172447 5.5522656 2.4148839 4.8408327 -5.6639085 4.980952 -6.998258 2.090798 2.347595 3.3324127 5.2546806 -0.4283215 7.4069963 -4.48221 1.1644851 2.4460201 -0.6193956 4.9071865
C24H32O5+Na+ 24.197441 14.492438 -3.4785194 16.64202 19.44136 -4.0407324 -15.945692 16.835054 -12.774667 12.17633 -8.03478 -0.110898115 14.493373 -17.564535 11.4262 -13.338599 9.050073 20.501076 -6.958886 22.017962
C15H10O6+H+ 10.298646 5.107766 -4.2943287 4.997847 4.41351 3.3274055 -3.1635308 6.9475703 -10.272508 3.9420605 3.1878233 5.1180315 0.91106665 -0.5501807 6.4503207 -2.8179348 0.5500076 2.5751984 -4.7266436 7.617779
C37H66O4+H+ 78.45778 24.722527 -12.537396 26.667797 16.727633 -6.8351016 -43.082664 19.394512 -57.416912 19.731056 20.309328 -1.6055744 18.89071 -7.3697987 44.283924 -20.50825 -8.072834 -24.51496 7.5459433 39.743526
C10H14N5O7P+H+ 12.487409 0.2980695 -6.212959 4.903015 5.237907 3.763055 -3.513115 7.4795837 -6.8095145 5.5099473 -0.62810403 1.719529 5.5444064 -2.9230566 5.378877 -2.7370636 0.1966783 1.4477422 -3.6543283 12.072859
C10H15N5O10P2+H+ 14.861518 -0.20672606 -7.29726 6.559637 6.571983 3.5391479 -4.241138 7.7529182 -8.447006 6.008845 -0.68718535 1.6105355 8.101831 -5.1688805 4.6996894 -3.178736 -0.5970082 -0.4464188 -3.2599607 16.471579
C15H16O9S+K+ 0.21888423 0.029073078 -0.019194227 0.11069343 -0.02111272 0.03017085 -0.18093306 0.039160524 -0.1413937 -0.0048777517 0.084276624 0.025163231 0.038495738 -0.059084147 0.08969155 -0.042634342 0.02835815 0.0007210422 -0.03766671 0.12282743
C12H20N2O3+H+ 16.200832 10.539606 7.9230013 25.877712 -7.279487 6.9625783 -46.079094 8.072895 5.97442 -12.57922 -11.283927 6.617117 3.6874077 -23.249723 19.472929 -17.649675 4.013695 -5.5677795 6.32269 22.980701
C25H49NO4+H+ 14.549134 18.899347 -3.2283196 11.203681 -4.643519 1.5112121 3.2138658 -8.880099 -30.79416 14.228296 4.8501806 25.219349 -16.038618 -15.528799 4.7485356 -3.2171056 -1.3905485 -13.904642 -54.17318 12.927566
C9H14N4O3+K+ 31.439646 13.3950615 -10.762257 8.497103 9.561802 2.3378115 27.558441 2.0378623 -16.383707 9.546338 8.533203 -1.9238771 25.268293 -9.245859 -19.395544 4.4474044 -4.663942 7.9354143 -18.792822 5.1667876
C26H52NO7P+H+ 18.91569 0.93647337 -9.858688 18.754211 -33.790794 29.249762 -19.764893 6.5978985 -35.8639 -0.3191606 10.485573 33.419155 6.127921 -1.3770424 29.368587 -5.229199 -3.4591959 -8.291046 -22.519901 35.742813
C24H50NO7P+K+ -0.009315401 -0.0018691535 -0.0044432553 -0.020937748 -0.00502772 0.01869381 0.015709078 -0.010758271 0.0076976535 -0.016413873 0.009884562 -0.0032028086 0.023892876 0.013907458 -0.018387908 0.017389515 -0.007814152 0.024691477 -0.0018037625 0.021061307
C17H14O10+H+ 1.4061286 7.060103 1.2481925 -4.147912 -0.37635347 4.488911 -8.760174 13.639659 -7.324415 -2.935314 9.593241 4.410827 -16.132189 10.408072 12.643357 1.4641695 4.5573287 3.9404025 4.9498205 -9.654831
C10H16N5O13P3+H+ 4.7231 0.055874422 -3.920584 2.4188368 2.5070987 2.703509 -0.8565555 2.8275259 -2.635552 2.9659975 -2.1115577 2.3310668 2.8171134 -0.2295214 2.4786446 -2.0154521 1.274245 3.400026 -2.8311586 1.5101403
C9H14N4O3+H+ 12.280354 5.1658792 -5.647728 3.6830306 3.957966 4.285124 -4.084793 7.40552 -8.717623 4.2411914 1.5378397 4.033598 2.6807015 0.34451565 8.24637 -3.8680894 1.1223073 3.7234333 -6.3732324 2.2062986
C11H21NO5+H+ -0.0023310971 0.0015024138 0.0106622195 0.0018404981 0.02015811 -0.008583211 -0.027335154 0.031751253 -0.0026975165 -0.01629173 -0.0012384665 0.019962976 0.022778258 -0.0055301585 -0.0049000583 -0.0025220471 -0.019974492 -0.009389039 -0.021177746 0.022351157
C9H15N3O2+H+ 8.073525 -2.65719 -3.693145 3.5860305 4.405478 2.9248164 -3.2621064 6.497594 -5.0719833 3.0834725 -0.5686064 -0.61334914 6.7715015 -3.947524 -1.5694302 0.22310127 -0.509129 0.028808117 -2.804957 15.995996
C25H47NO4+H+ 8.557352 13.385254 -1.4374052 -2.3702996 9.642612 5.5662136 -15.042269 13.807912 4.715906 -4.0349455 5.574565 -0.68571025 -17.00791 -7.474019 4.8076725 0.27634844 5.200978 -8.574427 -6.3131676 -7.5660567
C6H12O6+K+ 8.098345 -2.6675134 -4.6740203 2.7168572 4.2054305 4.773788 -2.3995728 8.45943 -5.3482995 2.262381 0.37986115 -0.102631144 6.4659405 -4.4036016 -1.4287056 0.65645134 -0.7870805 1.199484 -5.075376 16.873014
C28H33O14+Na+ -0.34705094 9.354939 -3.360208 4.44147 10.521731 2.4355595 0.27927133 3.1479702 6.1273165 -7.274468 5.123689 -3.5393884 -2.1712215 3.2504284 -5.4592996 -2.0553515 -1.5716786 1.1058939 11.586846 -7.3515167
C21H22O5+H+ 48.95541 4.7700787 -2.061223 36.191006 22.196991 -0.96561575 -42.737076 8.148771 -28.030748 12.31244 -0.6943799 -1.8287789 36.381145 -22.187065 31.769726 -35.019394 6.648511 -8.22645 22.770704 45.111237
C26H30O12+Na+ 16.561337 11.088399 -0.45568943 9.272746 1.3356287 4.2152624 -24.668678 8.307517 -15.6590605 -5.5073423 3.881599 4.1099114 8.636196 -11.625717 3.1173482 -10.422257 1.6149548 -0.23748906 -7.3224387 -3.4659667
C9H8O4+H+ 6.079852 7.330496 -1.7437421 3.9433281 0.947226 -0.26333195 -0.6831128 1.6865994 -7.564737 2.1201327 3.1401033 4.9866757 -1.2457992 2.225374 9.58711 -3.784305 -0.091680564 2.2294931 0.3337946 -0.23213623
C12H22O11+Na+ 5.995835 -0.67376965 -3.5565143 4.595497 -1.8269515 6.3799896 -1.9741404 3.5707684 -3.6820107 -1.2778926 2.464763 3.5137281 5.9653125 -0.35169634 5.512857 -2.943971 -0.14833057 3.9300125 2.560737 7.222979
C21H36O3+H+ 18.842375 10.933158 -12.804546 22.328655 -31.745052 7.776138 21.737877 -9.011238 -25.949694 28.129135 -0.5734694 32.693516 -26.901665 14.136105 22.860613 10.93858 -0.071574 2.2689478 -2.7887812 30.648285
C13H13N3+H+ 11.2139635 7.0826583 -1.8952241 2.937331 3.3648627 1.9252862 -7.446698 6.5596066 -11.087241 4.0451703 3.4691553 3.8518958 0.9159015 -0.16026613 9.333358 -4.241735 1.5883853 1.7699796 -9.187131 0.60162014
C14H28O7+H+ 3.9439945 9.633743 0.13762021 3.6825106 -0.6620732 -2.64433 -1.2707516 -1.9529014 -6.523833 2.0957673 2.2270262 5.699517 -3.5447621 3.653975 11.503601 -5.3457465 0.58543813 1.9508541 0.13384447 -9.101026
C12H22O11+K+ 4.266296 3.5307007 -0.24937488 2.9271646 -2.2123215 5.457194 -5.4318423 3.3308825 -5.1759734 -2.3510892 6.2957783 3.3887131 0.7057002 1.5976657 7.3055673 -3.1975782 1.6993732 3.3259275 1.4654276 -0.0047420077
C15H18O10+Na+ 4.505414 3.4784913 -0.24073552 2.9176314 -2.108823 5.446128 -5.534133 3.4299605 -5.2980566 -2.2114906 6.3642907 3.331966 0.72504497 1.5746102 7.369289 -3.2231493 1.7215707 3.3326685 1.4105004 0.1095045
C47H69O8P+H+ 4.224512 10.181012 0.35647398 5.4689193 -2.387831 -0.4543999 -2.174466 -1.3096633 -8.141718 0.38055164 5.2137794 6.8843756 -2.1991174 5.566822 12.2700205 -5.397346 0.17835844 3.7738624 2.9372914 -6.6388106
C35H64O4+H+ 2.1864634 -0.49390104 1.2968148 -3.2714972 5.051823 -5.7325597 -2.035984 2.0948133 -3.2863832 4.2695603 -2.2900047 -2.3035865 -3.142183 -3.6989343 -0.69026554 1.4249768 -0.20925592 -7.1005864 -5.9814343 3.9109306
C15H22N2O4+H+ 20.633345 20.595417 -11.509344 14.801044 -6.312179 3.252033 -4.536453 -10.62071 -17.333204 14.293208 13.776176 -3.4021373 2.432336 8.765606 10.244039 -10.035512 -4.2173634 9.52373 -0.5737554 -22.406313
C18H32O16+K+ 0.053924218 0.024575967 -0.019903753 0.048839547 0.008718738 -0.00079095457 -0.04224229 0.010470179 -0.039520286 0.013020659 0.0323998 0.023318695 0.027976891 0.0075774416 0.04563491 0.0007967707 -0.0058541493 -0.018787382 -0.011386993 0.027481675
C29H40N8O5+H+ 9.89164 7.225337 -1.1319625 2.8485627 2.0086617 3.1523073 -4.923064 7.133599 -13.692116 3.0613472 9.546315 6.2362895 -4.3021684 1.2398638 11.811954 -2.8174646 0.96864796 0.8893082 -4.200545 5.453251
