37 20
C10H14O4S-H- 10.836353 5.3576055 0.88586915 0.03082694 0.25519228 -0.16861713 -3.8588166 7.930233 4.8321853 3.3943484 -2.837443 3.8357449 2.5693035 2.136859 2.4717252 0.7654926 -3.2894456 -1.2118036 2.1439476 6.0473175
C13H9NO-H- -2.919593 -1.7973543 -1.8466114 4.7080064 -2.5759988 -0.46863616 3.709444 -1.228329 3.2079306 -4.352174 1.4957209 -7.984418 3.527351 -2.8247495 -0.7194005 -6.753475 1.0319561 8.17484 3.0669553 -5.632005
C13H22O4-H- -2.5920422 8.061816 -7.8075686 -5.5436325 -4.1272216 6.8180137 -3.7176723 4.350408 5.79974 -0.7166681 -3.1122997 3.0119321 -0.39708373 -3.908949 0.5257508 1.9959058 2.0978518 -5.350828 -0.14374165 -1.5777743
C10H16O4-H- -4.947491 0.061075553 0.39737552 0.99542046 -0.9337227 -2.6149743 1.8782389 -3.174552 -7.2718577 -2.652028 -4.2886004 -5.0433373 10.961877 -0.2008123 -2.3633516 1.5652963 -6.28141 4.617372 -1.1676879 -3.3938718
C6H13O9P-H- -1.2922702 2.0558877 4.942175 0.4763821 1.5182985 0.5606851 0.41111007 -2.956288 -1.0882586 0.14175184 1.9420444 4.332854 -0.49498034 -3.2676094 0.34851766 0.72987306 -9.345547 -3.420446 3.8160713 2.0449626
C10H14N5O7P-H- 0.7614374 6.040214 -1.4373674 2.9907355 6.018479 1.6018411 -2.1385522 7.4838743 -3.1515179 -6.0696507 1.6152579 -2.721513 1.7340647 -2.102653 -1.8409114 -0.4242875 -4.2541113 4.89864 -8.297386 2.5405765
C10H17N3O6S-H- -0.9373826 -2.8673193 4.9291897 2.0576723 -1.1565856 -8.135123 0.8471369 0.86790043 -2.3328173 -3.830569 -3.2848122 -10.171583 8.037283 -1.5722986 1.2688415 -4.847234 4.6291714 12.037932 -1.8237057 -8.111639
C14H24O4-H- -1.5937355 -9.017828 -1.386638 3.5985339 -4.0010004 -2.1746407 6.7106586 -1.3180009 -0.93182456 -3.123793 -5.8364415 -4.9739375 3.0740867 -0.530841 1.5648496 4.093448 1.0908139 11.945331 -3.7780852 -2.8999035
C16H32O2-H- 1.2715511 -6.4023557 -0.16125889 -2.728478 -1.5814704 2.3736334 3.213197 0.9630754 1.7173758 -6.0100136 -0.9689292 -6.176025 7.163638 -2.125248 4.6473002 1.5427253 3.479356 10.062099 2.397122 -6.3932314
C18H36O2-H- -0.91651726 -0.12961794 0.57903755 -1.9473066 -1.4929641 -3.2123828 1.4320308 0.5679956 3.391952 -0.6186252 0.5923965 1.840472 0.6612168 0.20637959 -0.030768631 2.6405878 -0.9886592 5.819388 1.4761223 -2.3175023
C6H14O12P2-H- 1.73231 5.590159 0.51759815 -4.560934 -0.42408812 1.0732782 -3.5570118 -0.7549407 -1.7464395 -1.2338586 3.15746 6.3703265 -6.7292056 1.125605 2.3074987 -0.4599839 3.139944 -9.852861 2.7897515 1.8860073
C18H34O2-H- 4.7122655 1.2527267 -1.0348302 2.3822825 4.0540714 -0.38701904 -1.8313204 0.15927789 -5.4317985 0.10697481 -0.038574748 -0.9549509 2.0456276 1.4705139 -1.2441678 2.9420712 4.451078 0.822641 0.36520582 -1.3433506
C10H16N4O3-H- -3.732791 3.1969023 -2.3149312 -2.4069989 -0.8430105 -5.1706257 -3.46291 5.215005 3.877859 -0.7931305 -2.228695 -2.6109076 7.014372 -2.3567843 -0.43220592 2.5445094 1.2112424 -1.4454708 0.10316751 -6.8306985
C10H12N5O6P-H- -0.56323946 -8.461256 -6.7938967 0.9575254 -0.7939707 -1.0536973 5.322209 1.3870643 1.8782738 -1.2766856 -3.5832024 -5.3025656 6.031849 -4.1586447 4.409559 1.7578493 -4.6682563 6.4026465 -1.5633051 -1.4913182
C16H26O5-H- -3.9134297 -2.7911155 3.2603786 -2.976804 -0.043841988 0.27106705 4.4747934 -8.537464 0.18516785 -8.182804 -5.728457 -0.36426285 7.7325788 -5.0003185 1.5129408 5.8006864 0.4866897 8.239754 -2.2063057 -4.8888435
C6H12O6+Cl- 1.4532691 -1.8749646 -3.4971387 -3.5200558 6.7394505 1.3576912 0.0073140683 3.457343 -2.6617947 -2.6848974 2.098989 -4.930743 2.490128 0.8324342 0.15107171 -4.0008483 -1.3467363 -0.81178486 -3.9088128 -2.6887307
C9H14N4O3-H- 2.2016277 1.5502906 2.1102934 0.49834013 1.9467783 1.6978807 -0.68541956 4.2116494 -3.358369 1.5497483 2.557666 -0.3321609 -2.5371237 5.505574 0.5316428 1.6745344 -1.5400671 5.9868503 0.7368561 0.82183015
C12H18O3-H- -1.2909468 -1.7271982 4.105947 0.3256416 -0.14984202 0.47229233 2.7693245 -4.102034 -3.3658743 -3.655764 -3.2748654 -3.4689624 1.8456889 -2.6334364 -2.1381426 -1.2256372 5.971006 9.813022 -5.9878626 -8.405565
C10H14N5O8P-H- 2.4850285 1.8598232 -5.253549 -2.9305987 -3.9947872 -0.68173325 -0.47915864 2.744358 6.1863236 5.989007 4.0540643 3.250751 3.1061606 -1.1862963 3.451794 1.4540772 -1.9841557 -7.6170225 4.7015877 4.376892
C18H32O2-H- -2.1402776 4.8285036 -1.7997066 7.1606803 1.710716 -4.5289927 5.4975877 8.179816 -0.92217326 1.312795 2.1311097 -2.445257 0.9820962 -6.8255577 2.3468704 1.9484745 -2.9893386 -1.539682 2.3203967 -1.3469115
C16H24N3O8-H- 5.4728746 6.5599675 2.5759118 -1.0362272 2.0777988 5.189865 -5.8109474 6.5942097 3.9279594 2.3343837 0.66931117 6.9182873 -2.3960094 4.5733824 -2.8556342 4.7070675 2.9993348 1.1845589 2.383312 1.7425456
C10H13N4O8P-H- 3.4687738 -3.4900775 0.7748904 1.6740705 -2.4715898 -7.3336997 2.0319233 -7.392034 -5.9818735 0.26234517 -4.2201896 -3.541158 6.336345 -6.0416775 3.6607168 -1.3525573 -2.105897 1.5229841 0.26788756 -2.2134898
C6H8O7-H- 2.6954556 -4.1958585 -0.3232699 -0.75737846 -2.5508091 -0.9288042 -0.6868439 1.9737811 -3.2913957 2.2533765 1.231092 -0.8448459 -6.545423 0.66800416 3.8232465 2.3304055 1.3930836 -1.5581894 -2.3130262 0.083882585
C20H32O2-H- -3.4735641 -5.7486625 0.3767118 0.076505445 -1.3050753 0.6446691 6.7905345 0.22945789 4.584238 0.75953174 -9.168364 -2.367504 6.328468 -5.297194 4.847759 -7.7743206 -6.7711735 9.70145 -3.944674 -4.7250094
C23H32N2O5-H- 0.9565977 6.2540474 -4.3045697 3.405624 0.7910859 4.5838695 -2.838432 3.6739137 1.9267446 6.42592 -1.3704134 0.86392266 -0.07307025 -1.4868962 -1.0349925 -1.3033861 -8.06188 -5.4724092 -1.0813248 2.7736776
C9H17O12P-H- -7.518032 -2.2696974 -1.3293087 -5.3734736 3.3105388 -2.5698967 -0.89791024 -4.1806064 -8.797361 -6.6652465 -0.8232746 -6.726508 7.055226 -2.7747302 0.116592064 -0.9158936 1.9300218 8.929079 -3.1623268 -9.997688
C22H32O2-H- -2.8730764 -8.254509 -1.7642982 5.6888747 -7.1618485 -2.9181106 5.0732274 -5.8233657 -2.1444216 -7.501383 -0.5903755 -11.599381 6.182566 0.38303518 7.8820524 0.08267702 5.160629 7.4414334 3.1034245 -3.6849546
C26H32O3-H- 4.779322 -0.43618298 4.5680714 3.8459063 1.7838485 4.108892 0.38373727 -7.851306 1.6607668 -9.131455 0.20879652 2.8515806 2.8488355 -0.8203233 -1.0641617 2.93405 -2.7331214 1.0018218 2.671711 4.248553
C6H9NO5-H- -6.762074 -9.764754 -4.4541087 1.0021452 -6.3827887 -2.752362 3.7893682 4.0730095 -1.0775931 -5.790666 -3.8531787 -5.0573277 4.7881985 -1.594562 5.8685555 3.0369258 9.91665 17.456392 -0.77832985 -7.872962
C39H73O8P-H- -11.549752 -9.449805 3.929655 -4.748505 -1.0308352 3.8092468 14.225448 -6.059749 5.799612 -0.9193469 -0.67622274 -9.020489 3.4956234 -2.9603434 7.0640216 -1.3712653 3.0012202 16.459183 -3.3592033 -6.2067184
C8H14O7-H- -1.36486 0.17443398 1.5512351 0.8419151 -5.8766966 -1.4255599 -0.8128149 0.7855685 0.18062848 -0.06392936 -3.3459876 -2.5995421 -0.7031896 -0.08212599 -1.228463 0.12729122 1.4233316 2.3732138 -2.409771 -3.1387944
C18H30O3S-H- -2.9881527 0.37494266 -0.7312619 -4.0010085 0.76684785 4.23243 -0.052974083 4.7057443 -0.44501317 0.8810019 1.1934731 1.1052796 -0.29662755 0.53602284 2.144039 -1.2676737 2.713998 1.8723068 0.24225084 1.7167846
C37H71O8P-H- 14.307035 20.214725 -2.9071527 3.6896625 6.585633 8.703094 -10.473726 15.969667 6.9527354 12.94614 1.3981789 23.318981 -15.765932 3.6869304 -7.992515 5.813528 -7.6676254 -25.069994 10.589809 15.560945
C45H78NO8P-H- 8.651931 -9.242745 -0.34542164 3.7535875 -2.0107274 4.399802 3.3965425 2.087484 5.4787726 -9.733771 -6.3338485 -1.1785098 7.516307 0.4615455 4.2610126 -3.4142509 -6.3590426 6.7265377 -5.127341 -3.1312752
C41H78NO8P-H- -4.870409 -20.390686 -4.096888 2.6176572 0.9338376 3.650371 9.799338 -5.8005652 3.3263333 -10.55288 -16.258394 -8.339924 13.963104 -10.807782 12.059594 -2.9298575 2.4592094 27.021729 -7.0622077 -13.768955
C39H76NO8P-H- 6.497166 8.317379 -4.642854 -2.5783153 -3.7877908 2.4305441 -1.2346984 3.4077275 6.343847 4.5174627 6.784545 1.3482391 3.6999269 3.2747166 -5.2510242 -2.7436879 0.8313708 -13.153555 5.7964005 6.163324
C29H41NO7-H- 4.9719925 0.5495742 1.0819472 2.5977826 8.168625 -0.583963 2.1733344 0.5358136 -4.4242697 2.7154012 -2.7982113 2.8070946 0.051430047 -3.7947907 2.561661 5.717849 -0.6277691 -2.863162 -4.3069463 5.149951
