106 20
C7H15NO3+H+ -4.1020417 -20.100863 14.949982 2.6531403 -1.7155241 13.538923 20.028858 23.275951 -21.445131 -9.663529 -3.6993618 32.457455 -1.9487956 18.97673 7.4038243 -38.361145 -1.9301547 23.865574 25.630411 0.64872056
C15H22N6O5S+H+ -3.6656363 -25.174706 14.823569 4.868899 -8.068047 18.927597 22.059599 21.468668 -24.02195 -11.770556 -0.23902717 29.404762 -1.2923394 19.43794 5.69682 -37.53117 -0.29533213 14.689088 34.42784 1.5660462
C24H50NO7P+H+ -0.17062396 -32.45112 8.816573 9.007087 -23.834967 29.174366 21.120478 9.718255 -20.396854 -10.604952 1.728922 22.48802 -0.72359806 17.822847 4.4097123 -33.571438 0.6755749 5.437048 29.406946 2.0524738
C4H9N3O2+K+ -0.53589904 -47.67785 13.528479 12.828531 -36.912674 44.03659 31.563047 12.993078 -31.444262 -17.06299 3.9494998 32.158443 -0.81566495 27.222082 6.2820086 -50.3815 1.7011548 2.6310341 44.45279 3.6360195
C9H17NO4+H+ -1.6037353 -37.044857 13.102194 9.034159 -20.430185 30.298721 27.469324 18.989342 -27.591211 -14.188929 -0.2863068 33.83242 -1.4380754 24.303846 7.7220855 -45.77125 0.0007155447 11.732908 35.31594 2.5911689
C10H7NO3+H+ -6.349174 10.019802 13.743422 -8.35457 26.821615 -14.4513 4.4967165 24.527662 -7.9320564 -1.3789334 -8.739866 27.388643 -2.2774248 5.3636656 5.852795 -17.807823 -3.2124155 28.870493 10.261487 -0.44033188
C11H21NO4+H+ -2.564047 -26.857414 12.948469 5.4665713 -10.375903 20.48886 22.321936 19.770378 -21.547499 -10.744592 -1.5138164 29.470623 -1.3714393 18.975395 6.6860876 -36.90764 -0.38476762 12.256482 28.287977 2.22112
C22H22O7+H+ 1.065933 -46.368816 8.656349 14.283819 -36.20137 40.761616 27.391775 8.272078 -27.66341 -15.129968 4.3946486 25.591488 -0.5591302 24.120079 4.9943137 -43.24351 1.6040815 1.3425622 39.045746 2.757925
C10H14O4S-H- -2.8568811 4.8457093 14.79233 -9.961862 21.452417 -6.4980407 4.3463926 23.073803 -9.230325 -2.0988295 -8.938056 22.791616 -2.7835104 10.713843 7.1380234 -21.574137 -3.1260436 28.095945 12.672356 -2.6885583
C10H7NO3+Na+ -7.9682903 10.852251 17.151518 -9.3919735 31.84012 -16.857084 6.2980537 30.232788 -9.507979 -1.2320473 -11.007817 32.993416 -2.457793 9.645645 6.65375 -25.501352 -3.340176 32.80941 17.074043 -0.656427
C8H20NO6P+H+ -0.8588745 -29.12078 9.924306 7.2383237 -18.743546 25.447384 20.486414 12.446326 -20.951477 -11.049493 1.5087078 24.944036 -0.684718 18.100697 4.888345 -35.235023 0.67922634 5.2197747 29.800066 2.7805445
C10H7NO3+K+ -6.6635656 -2.8071592 18.046995 -5.232638 12.122805 2.796014 16.44068 29.198982 -19.077137 -7.4610696 -6.996841 38.73799 -2.4443488 16.306608 8.233885 -38.440292 -2.4580042 28.93572 26.299038 1.48547
C13H9NO-H- -3.3619199 1.9626777 11.821838 -6.1926694 13.403039 -3.2723892 5.027628 18.139366 -6.6343465 -1.0733025 -6.064993 23.051538 -1.2599403 6.4732137 5.5161395 -18.283972 -2.0282724 22.845669 9.598244 1.4872276
C13H22O4-H- -5.044036 1.8218968 13.10968 -4.2007895 13.868656 -4.6238456 4.4880066 17.804396 -7.9478817 -0.53902304 -5.176 18.405422 -1.2270403 7.5859003 5.2443132 -15.209568 -1.6332935 23.227682 13.53272 -0.4436137
C11H20N2O3+H+ -3.8650293 -18.310148 14.343825 2.0494735 -2.2441208 13.085165 18.23239 21.149952 -19.536802 -8.811945 -3.332805 32.50093 -1.7492441 16.671534 6.6351433 -36.727932 -1.313648 20.24194 27.696127 1.825296
C8H17NO2+H+ -1.6413827 -28.380804 12.308738 5.590139 -14.899842 23.847633 21.51793 16.429537 -21.066586 -10.545285 -1.0803139 30.47815 -1.2052546 17.98049 6.3033137 -37.238297 0.040037274 9.787218 29.367008 3.1438353
C10H11NO+Na+ 3.6482549 -57.624638 7.429594 16.981 -50.81642 54.916855 32.834244 5.491805 -29.681992 -17.189302 5.4521594 31.230112 -0.11496376 25.035587 5.845148 -47.61176 3.1409187 -11.169125 38.771664 6.1146255
C29H47NO4+Na+ -2.2347965 -13.325057 8.251443 2.7966478 -4.5718927 10.132878 11.666095 11.209965 -13.29847 -6.0101137 -1.0025666 18.307087 -1.1575347 11.470865 3.6623986 -23.347803 -0.5019122 12.571061 22.338322 0.30120784
C9H20N2O2+H+ 0.39865148 -30.459604 7.5811844 7.9452887 -22.950987 27.886444 19.584118 8.4843235 -18.947746 -9.463818 -0.471991 26.835968 -1.0191727 16.05843 5.2081304 -33.5432 0.17077945 8.942146 27.894274 2.7656772
C7H15NO3+K+ 4.476495 -61.107994 5.43511 19.388205 -50.523457 52.96049 31.002407 2.7961552 -29.001312 -17.331785 6.9731703 25.051834 0.18299411 24.810307 4.9725556 -43.911507 3.1279128 -11.358333 38.86069 5.4022593
C10H16O4-H- -8.051487 1.9930212 16.932184 -5.6184235 18.693245 -6.688507 10.86304 26.621546 -8.778292 -0.08433636 -9.760592 38.51433 -1.5690552 5.3044844 2.2742069 -25.248787 -2.1718547 24.893541 20.273893 0.21574144
C6H13O9P-H- -5.0045514 2.5950673 14.537866 -6.6437807 13.095317 -2.9256306 4.755713 19.348677 -7.130561 -2.6530976 -2.770574 30.991848 -0.33791235 3.5196078 5.6946197 -21.466784 -1.5067493 22.629055 11.341397 6.6423078
C26H50NO7P+H+ 1.6656368 -51.869396 10.042672 15.068947 -43.296818 48.68071 30.9912 8.691066 -28.88181 -15.932445 4.7264857 30.725565 -0.34293306 24.71631 5.1691227 -47.483196 1.926833 0.5394539 42.451077 4.337177
C13H17NO3+Na+ -0.9054768 -24.86699 8.486531 6.4186516 -10.562653 16.964684 16.046724 12.362999 -16.660427 -8.068702 -0.7966826 22.126064 -1.1051884 14.638849 4.7718263 -28.91381 -0.31663194 10.93262 23.202383 1.2782009
C10H14N5O7P-H- -7.05412 1.3035734 19.42514 -5.976751 20.63926 -6.194479 6.302488 28.403471 -15.083876 -6.315546 -3.7572803 35.021152 -1.5903116 13.286317 8.890606 -31.641567 -2.199329 31.639446 20.986963 3.1847713
C10H16N4O3+H+ -0.8434135 -36.674786 10.452592 10.413494 -24.376738 31.252174 25.12715 13.358177 -24.858934 -12.921736 1.4204397 26.940075 -1.3046623 20.473269 6.0955153 -38.733627 0.11876846 10.382423 32.292664 1.7663358
C8H20NO6P+K+ -2.1034412 -20.18616 10.174427 4.2001386 -8.630422 16.091908 16.661337 14.449258 -17.1108 -8.443193 -0.4696611 22.057901 -1.0331657 15.069215 4.6168375 -29.596987 -0.1071445 9.881745 24.965807 1.4326148
C10H17N3O6S-H- -1.3341497 -0.8176155 14.16809 -9.2847805 10.084276 3.599187 8.172845 17.660173 -6.4262657 0.85447246 -11.496049 20.129564 -2.4752057 8.439827 6.726296 -19.18119 -2.9211845 24.542295 19.578844 -3.4245446
C14H24O4-H- -8.06983 5.1134195 13.724319 -3.1723912 18.414661 -10.304953 5.4584894 20.378054 -10.70633 -5.467595 0.38492692 22.211536 -0.81390977 4.5576577 -0.02047478 -19.453114 -1.1307697 15.880452 14.22968 2.2482803
C26H52NO6P+H+ 0.015135434 -47.873764 12.004229 13.347557 -34.436073 42.306107 31.551542 14.483606 -31.93561 -16.957253 2.4915433 35.36463 -1.0932828 27.301533 7.3240933 -51.627335 0.9431921 7.2765803 42.28894 3.7739758
C16H32O2-H- -4.267844 -4.63941 10.32658 -0.56853145 5.2627044 1.1177121 9.643795 14.722447 -4.6381063 1.2043296 -4.3827977 16.113974 -0.39814648 5.4350924 -1.426175 -10.5449095 -0.48400268 9.871598 14.628068 -2.1218247
C10H19NO4+H+ 2.4717681 -52.035877 8.518602 14.751025 -36.621628 43.519775 30.290281 11.6528225 -28.12513 -15.48638 2.0022767 33.103302 -0.8070657 24.21113 7.1873546 -46.02784 1.321891 1.7907075 36.69532 4.7146745
C8H20NO6P+Na+ -3.258157 -0.8924894 8.133993 -1.9779212 8.447956 -1.966803 5.7289677 13.167447 -7.464337 -2.6531363 -2.8624177 14.307642 -1.0614756 6.767012 3.0760927 -14.894432 -1.4715478 15.215697 9.168737 -0.5092591
C18H36O2-H- -3.0517397 -7.000251 3.9367208 4.163218 5.789146 -1.7631963 7.703329 12.067855 -14.573815 -7.0652184 -1.5115119 11.301066 -2.0668979 14.202277 4.8772073 -22.67211 -1.4702358 14.878239 12.8506 -1.7087507
C6H14O12P2-H- -6.2992067 0.44168982 15.744042 -5.89975 13.487325 -2.5361319 10.761054 22.613213 -5.4619627 0.54099256 -5.658552 29.261278 -0.59846157 3.932756 -1.0700206 -18.891603 -1.3125584 16.992037 15.829559 1.3802055
C10H11NO2+Na+ -0.19618684 -18.755453 5.7043157 4.780028 -15.896869 18.98902 12.959829 5.289301 -12.583804 -6.785567 1.7792011 14.560694 -0.22734691 10.380165 2.159678 -20.970001 0.7250623 1.5807981 18.687265 2.0331297
C37H68O4+H+ -0.28086692 -19.385296 5.3781147 5.7212625 -14.566693 17.436743 12.410646 5.3373423 -12.866807 -6.668115 1.7357727 12.358739 -0.38699436 11.186858 2.3281624 -20.428003 0.52644116 3.1660047 18.805414 1.0842302
C7H6O4+Na+ -4.392861 -2.3174164 9.274218 -0.3383841 8.373402 -1.9995246 7.004903 14.078977 -9.951504 -3.5127244 -2.2846932 12.370647 -1.1377013 8.492283 2.3605504 -15.286 -0.8189408 12.744758 15.636293 -1.752149
C15H28O4+K+ -3.3181548 8.052119 6.560511 -5.4324956 17.814308 -10.954212 1.2322086 13.794785 -4.155991 -1.0834736 -4.286941 13.221539 -1.1384618 3.5377927 3.7092798 -9.633925 -1.6587684 13.641144 3.3467927 0.26444906
C35H66O4+H+ -0.92818284 -18.63781 7.463183 4.146843 -12.199469 17.200996 14.183835 9.271826 -14.294727 -7.3861394 0.42550644 19.429855 -0.58316576 11.762849 3.3468359 -24.841017 0.16091344 6.3890004 20.498167 2.0315306
C7H6O4+H+ -5.131339 0.48916748 10.36551 -1.6084946 12.714164 -5.2688255 6.4214582 16.327286 -9.668603 -3.1652887 -2.9239645 13.433909 -1.4764887 9.158705 3.0538483 -17.331888 -1.2903453 16.262316 15.157569 -2.081205
C18H34O2-H- -2.807037 -0.9747306 13.677352 -7.6880703 20.238604 -4.0617404 12.759875 26.551538 -11.499442 -3.2323205 -11.892908 21.692379 -3.5772364 12.281093 11.584744 -23.572874 -3.8519902 28.749626 14.206121 -2.6925833
C22H24N2O2+H+ -5.8626122 1.8640313 11.745277 -2.571482 16.250208 -7.3625956 6.856033 19.244583 -9.723989 -2.9417899 -3.9320579 15.001507 -1.6630703 9.3201885 3.6544368 -17.834053 -1.7246312 19.685251 15.565951 -2.1926517
C18H24O3+Na+ -2.1472404 -2.3625557 6.550678 -1.8191075 4.9658556 0.07684098 5.2014513 9.780661 -6.2789154 -2.714441 -2.6882405 13.305016 -0.8432865 5.2471123 3.5162199 -12.11318 -0.9740324 9.366719 6.2687902 0.86342
C10H16N4O3-H- -4.238874 -2.2506623 5.8569274 -0.88849914 4.4143286 0.20475891 9.300161 10.59625 -7.862356 -7.5266075 1.6438212 17.787111 -0.5154783 -0.34647685 0.6433936 -21.986292 -0.9281346 7.81211 13.731916 4.446182
C10H12N5O6P-H- -0.91141576 -1.1945539 2.4222865 -0.23483261 1.0142494 0.5860847 1.9812012 3.2004967 -1.5992061 -0.2737508 -0.7894822 3.391645 -0.11171759 1.476833 0.0096037835 -2.5660398 -0.048330277 1.6800199 3.5388129 -0.46257448
C13H8F2O3+Na+ -4.16071 -2.2360773 8.608196 -0.065252066 7.632779 -1.8363984 6.4890213 12.894124 -9.456734 -3.3263052 -2.180159 12.1369705 -1.294484 8.929067 2.717258 -16.578396 -1.1396058 15.30174 15.700885 -1.83708
C16H26O5-H- -3.0998285 2.4966874 7.482926 -3.445897 7.835519 -2.7463973 2.8938236 9.892515 -2.7886033 -0.22068886 -2.2711806 13.659523 -0.39728218 1.2112072 0.041166108 -10.0126 -0.9174686 11.201148 8.565964 0.7222266
C23H45NO4+H+ -10.238882 38.03314 14.110163 -16.94909 57.16186 -43.694073 -8.469104 28.992777 2.9986365 5.869148 -12.483865 16.02297 -2.854533 -2.0848343 4.757354 -2.7042491 -5.0804095 38.190296 -6.076061 -4.208686
C11H8O5+H+ -3.715285 -1.8860538 7.448864 0.074506626 7.1105547 -2.0138178 5.821476 11.559801 -8.176787 -3.2350488 -0.50002056 6.7995005 -1.1603451 6.925335 2.47814 -11.692025 -0.87848186 11.765367 12.352622 -1.8124357
C14H10O6+H+ -3.5361629 -0.8471811 6.758954 -0.14974159 7.546607 -2.9076831 4.912126 10.706794 -6.986523 -2.4420092 -1.4287126 7.453238 -0.9898386 6.7014484 2.0115314 -11.4053135 -0.6430794 10.002962 12.023746 -1.6114761
C24H32O5+Na+ -3.969889 -13.622998 12.426668 1.9020146 -1.6765 9.56518 13.583941 15.894581 -15.686624 -6.8683515 -1.020004 21.60622 -1.2150255 13.422409 3.5993192 -28.040543 -0.56026745 14.6024275 24.951805 0.18267588
C15H10O6+H+ -3.5330746 -3.4119198 7.181724 0.8828551 5.182925 -0.5394404 6.3376985 10.782026 -8.953875 -3.4141831 -1.0845739 8.527272 -1.0601591 8.64776 2.1786954 -14.351087 -0.6551769 10.520916 13.738593 -1.8746576
C37H66O4+H+ 0.7836206 -22.832653 3.9953365 7.056169 -19.811317 21.517378 13.215715 2.7225096 -15.687272 -8.504802 3.311668 13.586037 -0.2717344 11.680553 2.0794659 -21.853354 0.8209025 1.4882475 20.708221 1.5829524
C10H14N5O7P+H+ -4.376468 1.519361 8.344396 -1.5268576 12.230768 -5.9954786 4.832074 13.877689 -6.468441 -2.308516 -0.97947073 6.094337 -0.83789533 6.3302546 1.6156301 -10.320265 -0.62372386 9.193311 10.751038 -1.7172515
C10H15N5O10P2+H+ -3.3877847 -0.6408365 6.1400466 0.08818029 7.1522408 -3.4511993 3.8419652 8.965645 -6.7943006 -2.203332 -2.042366 7.3009377 -1.1508368 6.8122826 2.328226 -10.895866 -1.1529415 12.893942 10.41849 -2.157909
C15H16O9S+K+ -4.307013 0.8480288 11.052255 -4.386687 15.74817 -5.3721824 7.822778 20.442387 -9.593509 -3.157878 -6.5100822 24.395508 -1.8734081 8.312372 6.186773 -20.698586 -1.4469116 15.22925 12.273439 1.1196841
C6H12O6+Cl- -0.31808743 -7.372986 6.250533 0.34432006 4.1244917 2.8820074 5.037548 12.018408 -12.0705385 -4.7664433 -3.8068423 13.275923 -1.6119223 15.152651 9.843142 -17.283504 -1.4348339 17.713766 8.0655775 -0.97447044
C9H14N4O3-H- -6.0696583 -0.60493404 12.272816 -4.237896 10.973482 -1.728232 13.143772 18.223701 -4.959257 -2.5288558 -4.2836523 20.823263 -1.2527819 -1.8573924 -0.9167716 -18.890682 -1.7397608 10.837688 17.299978 2.028016
C12H20N2O3+H+ -2.232821 -17.265005 10.736661 2.5329351 -5.779545 13.375562 14.076929 14.241083 -15.871841 -7.5738535 -0.5617485 23.886532 -0.89993435 13.289438 3.9422457 -28.977777 -0.26071027 11.080509 23.383556 1.8489525
C25H49NO4+H+ -6.3536487 10.122044 11.598677 -6.175135 24.822794 -15.07834 3.2594714 20.890163 -6.9176064 -1.1521772 -6.1491823 17.356098 -1.9872128 6.2771916 4.49039 -15.006943 -2.051074 21.173996 12.956175 -1.1351576
C9H14N4O3+K+ 3.0059917 -51.896835 6.989299 15.264828 -44.27978 48.567066 30.325157 6.322734 -30.564543 -18.004797 6.1802998 29.281538 -0.21564525 24.506487 5.814432 -45.803192 2.2295237 -4.9735727 37.967308 5.3884287
C12H18O3-H- -3.5022776 4.7763996 9.157313 -5.4049897 9.42119 -3.524317 1.723349 10.514501 -1.8266569 0.3339818 -2.415917 15.180925 -0.29282752 -0.08882865 -0.36852974 -10.309409 -0.8668039 11.605685 9.275013 1.1727723
C26H52NO7P+H+ -0.28119332 -27.531183 8.374925 7.1098194 -19.016748 22.87779 15.544816 6.5542355 -15.104329 -8.202624 2.1165285 16.983553 -0.29064032 12.733876 2.8415906 -24.943007 0.8718818 1.5538112 21.937132 2.3086376
C24H50NO7P+K+ 2.653028 -40.21436 4.836709 11.925467 -34.81776 37.85995 23.274128 4.30595 -21.360373 -12.473192 3.825989 21.38089 -0.14417535 18.266817 4.7084956 -33.70618 0.75183004 2.1601613 24.64317 3.4188533
C17H14O10+H+ -27.029928 163.47227 23.480442 -64.44174 197.13626 -170.00311 -63.29941 59.963837 55.305096 42.01991 -41.66428 3.2313352 -6.2548404 -43.90634 3.5041964 59.616318 -15.770723 99.4342 -71.12248 -14.580732
C10H14N5O8P-H- -4.1897426 -1.1371728 10.716749 -2.815192 13.104177 -3.8063478 7.6244535 18.747675 -8.204296 -2.7695596 -4.0841794 15.494695 -1.3406639 8.090528 4.4419 -15.476438 -1.4244764 14.726081 9.653305 -0.51162726
C18H32O2-H- -5.7353725 3.7405622 10.268294 -3.7007256 21.318527 -10.660437 6.7771645 22.404524 -11.564229 -5.083368 -7.7611485 23.734276 -3.004669 9.076982 7.3273315 -24.477097 -2.9075572 22.513811 13.565093 -1.3474864
C10H16N5O13P3+H+ -3.779405 -0.30926064 6.7911935 -0.08799009 9.190334 -4.248055 5.084904 11.648808 -7.8429813 -2.7867842 -1.8773952 7.514884 -1.1627707 7.807404 2.559536 -12.064528 -1.0910751 12.513639 11.043027 -2.2310064
C16H24N3O8-H- -3.0874097 6.2970076 8.89101 -6.2526464 10.268499 -4.4690275 0.069825836 9.856037 -0.3815726 1.6619191 -3.1188269 14.953428 -0.52411914 0.29700384 0.02738316 -10.51301 -1.1924053 14.92911 8.866612 0.7297715
C9H14N4O3+H+ -3.1263156 -4.0984154 6.04159 1.6135395 4.0589557 -0.09033063 6.294471 9.546263 -8.524833 -3.3827686 -0.89554775 6.5637302 -1.035219 8.406438 2.292217 -12.626441 -0.66774404 10.110136 12.799801 -2.0574813
C11H21NO5+H+ -1.6609603 -17.768251 8.6467495 3.3309176 -12.765934 19.286428 17.84277 12.377313 -18.798256 -10.053961 0.14667769 22.32576 -0.90280074 16.436068 5.613977 -30.529175 0.1076094 5.9615355 22.701334 2.2748857
C9H15N3O2+H+ -3.6088498 -0.53762066 6.787194 -0.23986426 8.253317 -3.3919613 4.834235 11.090822 -7.5769696 -2.61908 -1.8108561 8.048464 -1.1292396 7.454987 2.3661242 -12.151996 -1.0863745 12.692449 11.319744 -2.0056016
C25H47NO4+H+ -9.725232 41.38646 12.218127 -17.741632 58.19295 -46.109055 -11.371216 26.296217 5.2117043 6.858789 -12.137758 13.163969 -2.575861 -3.6911702 4.0512094 0.33115476 -4.7142673 35.169624 -6.393544 -3.7154431
C6H12O6+K+ -1.8062234 -17.24332 9.583204 3.0347075 -8.328899 14.829672 13.767298 12.0909395 -14.297382 -6.5027814 -1.2510942 21.975548 -0.99624383 12.393778 3.9306185 -26.724165 -0.46874693 12.3206415 22.18045 1.2744671
C28H33O14+Na+ 4.856741 -40.396057 -1.4393677 14.652627 -42.030045 39.21724 18.314966 -7.004657 -15.268809 -10.152085 6.525101 6.295897 0.8044501 13.681864 1.5340965 -19.938345 2.7589426 -15.657062 19.075613 2.9885483
C10H13N4O8P-H- -4.0285745 2.8521383 10.6270895 -5.046731 11.237065 -3.4852383 4.497595 14.321067 -4.6376033 -1.001865 -3.519308 18.055912 -0.82339054 2.667723 1.5231307 -14.26926 -1.2320522 13.582856 10.675639 0.72912073
C6H8O7-H- -0.77027684 -7.438683 2.449058 0.5196029 4.0255094 1.6906652 11.358441 12.451776 -8.346102 -5.466508 -4.3082485 20.576033 -1.5351703 6.5185604 8.166071 -15.899741 -1.6004162 7.8310623 1.9745166 3.8208923
C20H32O2-H- -1.5450356 -12.115372 1.4549929 8.178241 -0.02774087 1.9654742 7.0144625 8.019813 -15.458473 -6.6510286 -0.71735555 0.6053069 -1.7420563 18.810411 6.1208715 -13.430832 -0.56159544 9.00919 8.967921 -5.1142893
C23H32N2O5-H- -2.110289 -3.7264307 1.3827798 2.9423485 5.921775 -3.750686 4.721688 8.792821 -8.1825905 -4.0328493 -1.6659108 10.466324 -0.9991585 7.899945 1.3374256 -12.01833 -0.95053035 9.19059 5.936842 -1.7201835
C9H17O12P-H- -3.3024619 2.7503133 9.1635895 -4.562126 10.423126 -3.455413 3.4974883 12.715721 -4.557847 -0.8780188 -3.6686368 16.354065 -0.86843044 3.265931 2.1170948 -12.848525 -1.1477922 12.985396 9.24076 0.5017855
C21H22O5+H+ -2.9924092 -29.543568 15.569808 5.453923 -13.756708 24.626482 23.768007 20.458172 -24.434015 -12.181978 -0.068488695 34.777412 -1.1772754 18.277813 5.616924 -39.929676 0.2057257 10.90132 33.85677 3.2183714
C26H30O12+Na+ 3.1878257 -35.210964 1.6294029 11.6507225 -33.154163 33.541084 18.369102 -0.5491923 -16.028725 -9.8294115 4.363501 11.5423 0.309423 14.368069 2.613822 -23.121197 2.0025513 -9.290881 20.307709 2.895862
C9H8O4+H+ -2.4188023 -11.053105 7.656087 2.8271778 -4.7104244 8.83819 9.358162 8.565326 -11.046901 -4.9719095 0.7088735 10.890301 -0.6814335 10.050632 1.709403 -18.514256 0.01109412 7.711438 18.984379 -0.6236216
C12H22O11+Na+ -2.5613127 3.285384 9.499325 -5.904091 6.772951 -0.38468927 1.4383702 10.130207 -2.0615082 0.5672847 -2.6405156 18.95132 -0.5938074 0.041933052 0.8997229 -13.389813 -0.92787457 14.073609 9.14979 2.322723
C22H32O2-H- -4.4560523 -9.133563 7.8408475 5.042066 11.970483 -3.9602566 12.263842 19.81566 -21.385748 -8.391925 -4.18146 6.892307 -2.990132 24.364923 10.181059 -20.473059 -2.0437522 21.294107 13.575893 -6.9616156
C21H36O3+H+ 0.75690347 -17.517061 2.7770815 5.569444 -15.766285 16.7672 9.682816 1.3764293 -9.984587 -5.5514703 2.61863 7.6733623 -0.019597694 8.585782 1.3042873 -15.083898 0.9358203 -1.2737266 14.796028 1.0763506
C13H13N3+H+ -1.6861498 -4.9671235 3.1036468 2.6431656 -1.1225405 2.430526 4.450186 3.96389 -6.5069456 -2.9641883 0.9624314 1.9015756 -0.5455679 6.2576656 1.0603386 -8.475588 -0.03896314 4.498698 10.1081915 -1.5019895
C26H32O3-H- -3.1505587 -3.932316 5.4137263 1.2535509 6.859354 -1.9425988 7.1592593 12.127538 -10.22504 -4.9725738 -1.9612514 12.474471 -1.227095 8.714033 4.5715094 -15.752092 -0.94039303 10.34615 7.8337445 0.004458209
C14H28O7+H+ -1.8658965 -10.184043 5.7047577 2.990164 -3.2446706 6.9809036 8.76445 8.025114 -10.355191 -4.8258133 0.096269995 9.537165 -0.75723046 9.403536 2.410598 -15.945762 -0.1726735 6.8778753 15.161554 -0.6395582
C12H22O11+K+ 6.6982875 -57.952793 3.4886305 17.301771 -66.283485 63.962624 26.094746 -9.772943 -21.82321 -13.911228 11.513548 21.66803 1.6031682 16.298437 -0.43169412 -38.552345 4.3385944 -15.957927 39.348618 7.905389
C15H18O10+Na+ 6.817329 -57.81871 3.091565 17.372732 -65.16949 62.930298 25.634485 -9.564029 -21.808178 -13.850465 11.407861 21.717299 1.5750382 16.29079 -0.39857066 -38.533245 4.3118763 -15.776176 38.989597 7.8402305
C47H69O8P+H+ -1.8630967 -7.4571385 5.3571267 1.8627554 -0.81185794 4.566334 7.2423635 7.944642 -8.572793 -3.8408597 -0.52707064 9.076222 -0.70740753 7.946999 2.3025787 -13.8055935 -0.24701357 6.4460554 12.418284 -0.43221414
C35H64O4+H+ -0.517399 -7.4535894 2.2285352 2.7688842 -5.081403 6.02279 4.9775176 2.331333 -5.749244 -2.846583 0.9437864 3.4672773 -0.25924537 5.2878966 0.8257416 -8.1734705 0.25663933 1.6262037 8.83735 -0.37528417
C15H22N2O4+H+ -2.6447287 11.050368 4.348091 -4.7323246 10.549269 -8.838007 -4.83789 3.2963603 2.5610235 2.711721 -0.4335433 1.1504365 -0.2291651 -2.797581 -1.7340125 0.0806003 -0.61697674 9.267934 3.1334398 -1.0387591
C6H9NO5-H- 3.2260785 -10.467766 -8.617542 8.166712 -11.998568 6.9937277 2.384272 -8.585311 -4.063812 -3.8269238 3.2249572 -14.534693 -0.16675544 5.188207 2.321728 3.0274851 0.83038074 -10.016096 -2.7702062 -1.7945689
C18H32O16+K+ 5.9094367 -23.413904 -4.521418 7.412496 -34.29071 29.20033 6.6250696 -13.461582 -3.0545359 -3.7201536 6.261492 2.6173031 1.4209777 0.7816134 -1.4483277 -6.2909045 2.4782896 -15.653099 5.9575253 5.1558237
C39H73O8P-H- -0.13095272 -3.685199 -0.40014645 2.3417392 -1.477846 1.5071043 2.556947 0.8527345 -3.9952488 -2.5272336 0.607937 -1.4475058 -0.3544335 3.5069273 1.542191 -3.3154166 -0.005512529 0.13722005 2.2037358 -0.5940883
C8H14O7-H- 0.8742381 4.381944 2.5407321 -4.929359 3.4169302 -0.50114846 -2.5998807 0.8523388 3.4033234 2.6926966 -3.0826654 -0.33968532 -0.49720874 -2.2392473 -0.32746378 0.65722585 -0.70474786 4.229616 2.6213593 -1.8404039
C29H40N8O5+H+ -3.2151153 -3.7434814 9.798752 -1.5609771 2.2310572 3.6062627 6.001091 10.912512 -7.4542418 -2.4658363 -0.9729417 16.097658 -0.68956953 5.707467 0.7868077 -17.889296 -0.5614255 13.211318 17.564243 0.38913462
C18H30O3S-H- 1.7378374 -4.8540688 -6.3368936 1.0336089 -7.676399 5.694188 7.051181 -2.6540046 4.292782 -1.3516802 -1.0429558 11.8536625 0.7501683 -10.328157 0.2609686 -4.2566233 -0.3308333 -4.3311725 -7.197562 9.554908
C37H71O8P-H- -0.5977786 -1.2059654 1.0553302 0.45368212 0.78264743 0.13936579 1.6532129 2.1136458 -2.46655 -1.4644887 -0.0008764975 2.072876 -0.29186073 1.9086705 1.0478733 -4.2991066 -0.25128907 2.6910057 2.8821456 0.16529633
C45H78NO8P-H- 1.6678973 -4.2496786 -4.8694286 3.875967 -7.1447535 3.6019917 0.15202776 -6.3397107 -0.3490022 -1.3572189 2.3824508 -8.793482 0.23845248 0.3174164 -0.029248662 3.8036404 0.6746426 -7.367997 -2.5993547 -0.37118587
C41H78NO8P-H- -0.49074966 -1.330159 1.1596357 0.31355304 0.9897052 0.16414544 1.7325602 2.434787 -2.3567355 -1.1282805 -0.46244097 1.9411031 -0.3363527 2.2517862 1.103992 -3.3771017 -0.23607375 2.330852 2.4153023 -0.32361722
C39H76NO8P-H- -0.1931591 -0.6102558 0.6193867 0.045356203 0.22758143 0.28734723 0.6996385 0.9564762 -1.0761901 -0.55787253 -0.10338256 0.65931994 -0.1499387 0.9695001 0.49965543 -1.5693309 -0.08929911 1.0907093 1.3693881 -0.10084517
C29H41NO7-H- 0.15522516 -3.4902153 -0.82182276 2.4967988 -0.799949 0.7885389 1.9058396 0.9196999 -3.5276744 -1.4690889 -0.37078637 -2.180338 -0.47581288 4.8026505 1.7968667 -1.4901321 -0.06851586 0.8425684 0.87004924 -1.799607
