190 20
C7H6O4+H+ 7.475809 -14.119609 14.093425 -14.968442 -22.089178 12.6570215 8.088764 7.024561 2.0602329 -16.922716 -29.60564 -30.589169 -59.89429 -48.434204 1.9731857 2.2260888 23.59777 -12.169372 6.001214 -11.540368
C7H6O4+Na+ -0.94704777 -3.858785 28.23655 -17.735418 -20.76945 8.216445 5.6802955 4.8522162 -12.379938 -11.006347 -1.189041 -20.348299 -42.87839 -42.831093 3.3340175 -7.126342 13.876983 -19.103699 -7.246286 -14.380996
C8H7NO+Na+ 6.244209 -9.778494 8.703549 -10.873554 -21.031584 9.522142 0.29199412 -3.1804943 -2.7096434 -8.521453 -19.380692 -22.555496 -44.187675 -35.24447 2.8246493 3.2741215 21.941692 -22.9598 -3.2943246 -21.560188
C3H10NO4P+H+ 0.9117089 -15.216919 9.308834 -13.304661 -28.396423 32.292225 -20.364988 -10.944825 5.0910764 -7.5817666 -37.238125 -29.75329 -62.183193 -60.029224 3.275277 0.8395869 17.420834 -18.832256 -13.551404 -28.53335
C18H35NO+H+ -12.005937 -13.16626 3.7853954 4.3829355 -12.436151 15.884184 3.3073137 8.715554 -1.3018237 -5.0946245 -10.870403 -15.029473 -29.367157 -45.506596 4.1831665 -15.961158 1.3026248 3.9972444 -5.5036893 -3.0962734
C28H46O4+Na+ -0.86648864 -21.87073 -19.591429 6.1716666 -22.84641 22.615051 -11.571866 -17.01976 -3.478814 3.2140007 -13.647262 -12.014902 -16.126451 -33.090603 7.931343 -15.473483 18.00039 -15.914723 -6.5808296 -22.142855
C28H46O4+H+ -7.9648013 1.3441992 19.910387 -14.180022 -11.817799 17.559422 -22.445265 -19.428846 0.38894537 4.7698236 -7.7986917 -5.70458 -42.939896 -37.67118 -0.68907684 4.7292805 7.6176353 -14.514915 -13.973903 -19.696882
C10H15N5O10P2+H+ -11.89939 3.5622973 20.807198 -6.3114424 -9.008649 14.1342325 -11.829761 -4.617552 5.601372 -4.3153563 -21.90505 -15.88917 -46.43547 -36.76358 -1.724288 8.592491 9.464818 -13.347634 -5.259683 -13.864663
C31H42O3+Na+ 6.112829 -1.1145539 2.0966406 -5.9064827 -10.739513 11.106183 -13.923043 -15.320898 9.76433 -3.001141 -27.61545 -14.564294 -29.210138 -10.27861 -2.08186 16.707249 -19.007519 0.8590024 -30.65049 -13.377653
C10H11NO+Na+ 14.344105 -11.266021 -4.9481373 -5.5692363 -9.572014 4.786752 4.6735406 13.411009 -1.7926538 -10.067562 -4.7934904 -10.485777 -0.32236218 -3.8896818 2.0417511 -4.1108384 3.4487064 -3.633457 -0.21254972 -3.078628
C13H17NO3+Na+ 0.54301393 -6.7511687 2.4124944 -7.36373 -9.880686 11.202234 -8.214494 -17.617506 5.3970394 0.49252662 -18.302303 -9.804764 -37.68605 -27.17131 0.33368823 5.550821 -1.026385 5.648475 -9.945425 -6.6643667
C8H20NO6P+H+ 11.982241 -15.458059 -10.938858 -1.5286885 -15.444626 6.5273933 5.96921 -4.395373 3.2659636 -7.1427293 -21.370651 -17.226456 -23.693394 -17.921076 2.955543 1.025498 -7.847626 7.664884 -13.821874 -4.2965636
C7H15NO3+H+ 17.957287 -9.886442 -0.49274814 -11.879034 -8.378535 -4.629523 13.137606 0.8785383 -1.8691585 -7.6120667 -4.2777514 -9.150877 -15.961035 -4.997064 1.6128838 1.928791 -5.4600644 11.971559 -3.9899747 4.641339
C8H17NO2+H+ 4.529468 -9.973431 5.3985686 -6.2902517 -10.449961 -4.298815 17.190075 -0.6246831 -5.1048284 -5.036468 -1.3428576 -10.57955 -29.651823 -22.02137 1.893587 -2.2489502 -4.8938007 8.782109 -7.1029215 2.6406348
C10H14N5O7P+H+ 20.492546 -13.673398 -7.4755583 -13.486521 -13.327037 15.2722225 -13.240881 -10.196942 20.399025 -8.855255 -48.004375 -22.556767 -58.854843 -30.267584 -3.060111 24.038189 11.755564 -0.55003095 -4.016602 -16.225666
C29H47NO4+Na+ -4.8064585 -2.5993745 -0.18508177 2.4319377 -10.43809 7.31598 -6.9938297 -20.393688 12.746912 -0.60087 -37.582443 -18.039825 -50.61739 -25.995422 -2.1279745 19.798176 6.323771 -9.82354 -10.9779415 -17.961794
C24H50NO7P+H+ -11.418755 -4.784683 -6.0407405 12.651477 -3.470513 3.491247 1.08289 -1.7562236 5.212063 2.4757357 -13.037965 -5.7381663 -19.973175 -19.036674 -0.071422584 2.0141902 -0.42362422 -2.3130107 -7.483632 -8.039605
C11H8O5+H+ 0.28064507 -11.701335 -2.135917 -7.54884 -20.81121 21.020962 -16.846212 -22.39428 -6.1179476 2.9283402 -7.747712 -9.794136 -23.072453 -31.036812 5.6775274 -9.217342 18.325726 -18.36732 -6.6178894 -21.24595
C8H20NO6P+Na+ 3.663628 -2.5742335 -4.282054 -1.7194275 0.5323705 2.1125607 -3.2204401 -2.250033 0.12720577 2.1730106 3.0249984 3.8137584 5.628095 1.7763134 0.82651186 -2.8626842 -5.125421 7.162125 -2.8803413 2.299067
C26H54NO7P+H+ -8.725184 -3.6539521 15.164993 -10.423077 -22.698229 20.419144 -20.65522 -37.824097 2.286058 3.6383262 -25.81642 -18.843864 -62.29926 -45.723606 0.7580165 10.286653 -19.037771 -3.9311657 -46.020077 -24.5689
C14H10O6+H+ -2.312065 4.993453 22.157711 -11.130215 -2.8414516 13.57154 -10.86704 8.983978 9.540187 -9.279816 -21.157347 -14.545326 -33.496662 -23.373884 -3.92341 10.355567 -16.676092 7.460242 -18.169245 -1.8853523
C26H52NO7P+H+ -6.0736384 -9.256682 1.459478 1.4750944 -17.926033 13.318591 -1.773912 -12.65337 0.7652337 -4.0117583 -22.99304 -20.032578 -38.742287 -35.517136 2.8963122 -0.78403425 1.0934957 -5.932544 -15.7167845 -13.520246
C26H50NO7P+H+ 4.3327923 -2.2423472 -5.987062 3.5249972 -4.8316426 13.172862 -9.687642 6.400487 13.113089 -9.603541 -32.84083 -16.852043 -10.628663 -5.2632136 -1.3163686 9.331531 -0.3864687 -3.3493924 -3.8803723 -6.5342607
C18H12O7+H+ -12.5686245 -7.3451056 4.6477537 3.6652586 -14.818525 3.6330771 7.350914 -8.491786 -9.156652 1.7964249 -3.0202096 -10.557228 -28.5923 -35.602917 5.5190234 -10.962044 34.46731 -24.358967 15.829558 -14.04419
C8H20NO6P+K+ 4.6722174 17.10933 6.5610766 -5.7715516 20.798975 2.3736615 -20.387535 15.863405 19.650293 -2.932275 -12.701558 8.327364 12.320745 23.703106 -9.604965 21.089571 9.323783 -3.179259 21.759695 5.23376
C13H10N2O5+H+ -19.628588 -2.550418 -10.403841 18.015865 0.30687118 10.937997 -9.585335 -8.617936 11.664879 5.519857 -23.923048 -4.96383 -25.122152 -25.950514 -0.6982615 3.3305378 25.089043 -11.764845 15.889574 -10.701836
C9H17NO4+H+ -13.840103 4.5317516 11.721875 1.806286 -2.0056248 26.689257 -24.848745 7.397636 21.005903 -8.341764 -46.056313 -20.773792 -42.850266 -37.644146 -4.200574 12.993376 19.00946 -11.131648 9.149127 -12.201858
C18H26O4+H+ -27.051413 -8.591188 5.7857857 7.0785565 -13.715046 17.465885 -7.927183 -12.865028 -14.131608 10.477307 11.478141 -1.1406045 -19.679731 -49.526882 7.6638947 -26.97022 30.749557 -20.320389 10.903911 -14.918921
C24H50NO7P+Na+ -17.747793 22.941376 25.629866 -0.01178051 19.728355 8.676379 -19.089771 26.001165 17.050587 -5.9966345 -15.289518 -0.1037227 -7.9807615 -3.445316 -9.623549 15.617966 9.948936 -8.098485 19.663658 3.9376407
C5H5N5O+H+ -18.922256 -5.806482 0.6013555 14.111968 -2.5201771 -6.0004067 20.381794 6.3630915 -7.437749 1.9654607 7.5847387 -1.9130073 -15.708375 -27.197458 3.4681919 -14.600986 20.784203 -4.9278755 18.84476 2.352873
C29H48O4+H+ -20.957638 -6.689648 -2.1726313 7.759761 -10.106807 14.212089 -11.2178335 -19.763683 -14.54963 14.930062 19.553988 7.745889 2.507941 -25.934814 7.3072968 -24.905058 5.6927404 -8.939595 -7.269187 -10.412067
C4H9N3O2+Na+ 25.706923 -1.2660536 -0.6289546 -22.13998 6.3534336 -22.535934 6.825568 -14.601018 1.731016 8.280172 15.30022 17.171383 -11.16547 18.574736 -4.299105 19.485136 11.572525 2.9136927 10.915822 -0.049072627
C10H13N5O4+H+ 27.494986 -8.984481 -16.803387 -8.022262 -9.869945 13.551767 -12.674595 -0.052176543 15.314196 -13.413201 -39.333027 -19.54122 -6.6776185 8.446889 -1.005143 15.9199295 3.6479073 -3.4142458 -1.8127705 -8.37013
C28H50NO7P+H+ 3.4173634 4.0392523 1.075045 4.607861 2.2945426 14.22177 -9.988865 25.694923 17.497818 -16.897902 -35.07732 -19.145304 -2.0802245 0.96869177 -4.51659 11.526424 -18.36748 5.156422 -12.295924 0.904198
C10H15N5O10P2+Na+ -6.571678 1.3651131 2.5618331 3.9020793 0.114155576 5.150049 -4.1783757 8.577065 1.0338346 -1.3345373 -2.6454818 -1.9434483 -0.14587842 -7.5873427 -0.037593327 -2.7194746 10.649707 -10.886077 5.6387496 -5.860412
C10H15N5O4+H+ 5.244292 0.97101617 -9.246162 5.844915 0.7593368 5.2928925 -6.2565975 6.722874 14.878339 -8.056359 -30.907124 -12.060203 -6.694045 5.59232 -3.535399 15.751683 12.253311 -10.222977 9.959378 -6.0094857
C10H14N5O8P+H+ 13.310944 -0.90256774 -14.218195 -4.5797796 3.0228548 9.166986 -22.70471 -11.599275 18.652283 1.8338648 -28.217747 -1.2061758 -13.291641 2.730117 -3.9980636 19.789135 20.441683 -8.974026 12.042686 -12.530465
C4H9N3O2+K+ -8.721964 15.036887 22.024157 -10.963613 17.259676 -7.7909923 -5.396882 1.9570653 5.775019 5.474329 12.164115 15.609301 -15.937506 -3.4385705 -7.8162394 11.778641 13.458893 0.79788566 19.875147 6.9442415
C6H14N4O2+H+ 3.1388679 1.9242669 5.016991 -3.0939267 1.629827 0.75813204 0.03375838 11.8953085 9.389326 -7.6058245 -17.413116 -8.493225 -15.25745 -4.216067 -3.443146 11.3233595 16.800838 -9.592794 16.607689 -2.3145738
C30H50NO7P+Na+ -9.300628 20.872433 20.94086 -3.360511 22.038752 -17.337042 5.6061125 10.369708 5.1989384 0.76539487 12.019572 13.723387 1.5621926 17.111881 -8.528971 14.309927 7.4956045 0.5498936 22.340416 14.145183
C10H26N4+H+ 9.368907 -10.870501 4.673469 -14.666209 -13.660816 17.0197 -7.7743764 -3.8061454 2.683584 -6.894209 -15.739431 -13.477136 -28.245674 -25.162453 1.5561064 -0.76937515 6.7848926 2.4612792 -0.34413958 -3.8925421
C4H9N3O2+H+ 31.647852 -11.002181 10.932463 -29.116995 -16.206793 2.8505576 4.9627175 9.977306 2.522292 -17.616407 -18.199028 -20.519909 -34.457184 -14.456131 -0.4150979 11.743236 17.697922 -9.880953 4.093155 -10.501573
C30H50NO7P+H+ -10.203434 20.033903 19.239525 -3.4823246 21.98524 -11.126804 -1.977764 10.812546 10.687599 0.9746712 1.3422347 11.670672 -5.44914 8.9106 -8.72882 16.037638 25.824196 -8.429468 36.5344 8.918711
C11H20N2O3+H+ -13.242498 7.656587 8.974875 3.8893669 16.071514 14.694281 -15.568717 25.219454 17.409695 -5.61025 -14.092512 1.2350874 -6.2004776 -14.967087 -6.7927885 2.650814 3.2789042 9.441098 15.81646 9.54773
C5H5N5+H+ 16.74153 -2.0699642 6.0471716 -14.762801 -3.1208599 2.8286097 -2.1781242 5.540098 8.954891 -9.801354 -17.484457 -10.495614 -23.902752 -6.1553335 -3.4685183 14.004016 -3.1931686 4.5663347 -4.4042687 -1.1709121
C10H16N4O3+H+ -13.430024 0.4490554 -7.239252 11.949873 8.919156 5.6914816 -10.5267515 5.331286 8.312104 6.6972165 -1.8562447 8.196755 -0.15487275 -8.323586 -2.6418712 0.27121598 13.993812 -5.819381 13.895759 -3.914067
C26H50NO7P+Na+ -10.51012 3.297506 2.511632 0.6617908 1.8431455 30.366743 -33.049786 -2.1005147 16.57643 -1.4907745 -27.607594 -6.047209 -9.285257 -17.880175 -2.4160647 1.748636 -5.2037125 5.9785166 -5.7978015 -3.170947
C23H45NO4+H+ -22.77717 31.679928 38.519073 -7.0205674 30.865326 25.034025 -40.55485 36.62828 28.9664 -8.482094 -20.81495 5.0006475 -4.02919 -8.728108 -14.246922 15.020467 -0.7252572 7.28031 19.910103 13.903259
C30H52NO7P+H+ -9.562658 25.527493 13.587361 6.847515 30.296936 2.7290845 -12.485079 50.835835 11.690268 -10.107718 6.3192344 12.5916 55.90303 38.82435 -8.49422 1.5626383 12.710787 -9.403972 38.758137 18.35349
C10H14N5O7P+Na+ 8.749865 5.277152 -2.7357495 -7.104849 8.032535 24.500372 -38.721054 -0.18653709 32.766407 -3.651186 -45.744713 -6.7794356 -22.041685 -5.0837293 -8.687113 27.458296 -20.626709 16.484846 -18.1591 -5.6563473
C9H15N3O2S+H+ -15.649325 11.142733 22.558722 -5.4680204 4.6359196 1.4206619 -4.4992943 1.8218318 -5.337487 2.4856205 12.383565 5.2113376 -9.408052 -14.168895 -1.3386273 -3.9810839 18.262587 -11.28319 16.062372 0.18197614
C10H12N4O5+Na+ 19.794409 -5.911343 1.2144186 -17.096783 -4.175417 9.650573 -11.144703 11.455679 16.242086 -11.194536 -33.32835 -15.057082 -39.06139 -17.634853 -4.104927 20.761929 49.330685 -24.250341 35.33767 -15.548123
C25H47NO4+H+ -15.90724 16.336298 18.336123 0.45926994 17.221762 15.82699 -22.663841 19.988878 12.651192 -2.4707584 -2.8727708 6.7933035 12.259194 -0.40696952 -6.525067 0.2503398 -23.534527 16.160154 -7.7339973 11.9282875
C14H18N5O11P+H+ 1.7531837 0.065382 7.009715 -5.8678503 -2.2965593 12.18221 -9.373997 7.7196183 9.248186 -7.715251 -19.289444 -10.511392 -18.5319 -14.271846 -2.475577 6.4121957 1.5963842 -0.18432681 0.37179577 -2.0656147
C18H24O3+H+ -21.214413 13.879965 27.876722 -7.1347847 0.256495 10.354329 -17.911308 -5.133859 -5.8842187 5.6030397 9.790574 4.1090407 -15.55887 -22.852245 -1.0208956 -3.3383255 31.478258 -28.006342 18.260965 -11.4898615
C18H23NO4+H+ -0.47659305 -9.565305 -8.216963 8.432917 -10.1828165 14.600653 0.8505338 16.726412 3.848337 -12.929396 -25.771267 -21.00148 -7.2640376 -18.146502 3.353522 -7.20881 25.984484 -15.939968 18.73191 -6.7811775
C22H24N2O2+H+ 15.16117 -12.092997 -5.563263 -10.484096 -15.855377 2.5256793 -0.5021207 -24.140285 4.63736 -0.71239465 -21.541376 -13.592848 -41.75988 -17.749271 0.5520935 13.871227 -12.789953 6.9042597 -26.50062 -11.900127
C28H50NO7P+Na+ -5.1791806 6.964162 11.529266 -1.473923 -1.4426467 5.1506543 -5.821558 -2.837067 9.76223 -6.065292 -22.755474 -12.183025 -25.466928 -8.937478 -4.2329035 15.086089 -8.0945835 0.0077384757 -10.737877 -3.2187176
C10H16N5O13P3+H+ -0.9885668 5.4993043 -0.62515813 2.60175 3.384169 5.965261 -9.947483 -5.3494973 20.819601 -4.867126 -38.064465 -11.540099 -25.865927 -2.8732345 -5.893922 23.178583 -1.2088673 3.040977 0.61697185 -1.5847057
C18H33NO+H+ -1.0677199 -0.694269 14.574787 -7.721949 -6.7074294 8.115113 -0.67364067 7.0367575 5.3380394 -9.764464 -19.04344 -16.210545 -32.963272 -24.51424 -1.2083441 5.427131 4.041857 -3.0437088 -1.4348373 -4.0834737
C15H10O6+H+ -1.8605824 6.1708884 26.38973 -17.10947 -4.25148 20.009605 -20.919397 0.7606956 18.100758 -10.196925 -37.13937 -19.692316 -58.93898 -36.669308 -6.853779 21.343714 -10.789338 4.8417163 -17.69299 -7.4933405
C18H29NO2+H+ 1.4462918 -7.130105 18.41091 -11.978937 -17.00182 14.677453 0.62975997 3.7016208 6.8244495 -13.733612 -31.99214 -28.617031 -59.938946 -45.26953 -0.74507743 8.083143 -16.48812 8.154782 -26.99623 -7.5208273
C28H52NO7P+H+ -20.177122 10.015666 13.552395 6.495436 5.2075057 3.3449757 -2.7270033 -4.605171 12.549939 -1.3618865 -22.329927 -7.453804 -32.300873 -17.037943 -5.437494 13.429195 3.5086489 1.627647 7.766826 4.08058
C24H48NO7P+H+ -27.811104 15.37524 24.740078 4.548769 -6.1433487 3.184497 -8.249939 -22.478643 -3.271168 5.998224 -5.924985 -6.414324 -27.815668 -18.752998 -1.4503111 7.2089367 -10.215185 -15.909696 -25.46711 -14.352406
C21H26O3+H+ -0.75742996 -0.053353723 0.03148188 0.820851 0.19527791 -0.11059862 0.63388 1.4856973 -0.25722474 -0.14474495 0.45961347 -0.037758622 0.68352735 -0.47169453 0.12805527 -0.7780983 0.9917542 -0.58108586 1.2174674 0.14642607
C9H14N4O3+H+ -19.188581 26.311981 41.445118 3.0636528 23.733616 -39.534492 45.038567 53.786327 -4.056698 -15.383475 17.259914 0.22743575 -10.483945 6.0376525 -8.725646 10.66607 65.73881 -35.876316 82.44043 18.635427
C25H49NO4+H+ -16.0272 9.206789 12.447379 -1.6895391 5.162767 24.057919 -30.174576 -8.944642 16.333405 1.5406246 -23.143223 -2.624204 -19.325825 -19.079166 -4.7188168 6.9560256 -16.12211 12.863177 -14.13157 0.32139462
C22H22O7+H+ 0.99583244 6.3630953 3.2035182 2.1779127 6.8097973 2.3346715 -2.5241868 15.928494 15.552851 -11.024242 -26.048096 -10.309978 -9.570269 2.6244378 -5.7147336 15.344366 6.81304 -3.1045249 11.955262 2.3414552
C21H36O3+H+ -23.547455 0.18241948 5.402113 1.5743476 2.987075 19.892023 -19.168257 -18.625626 -1.9158022 13.009673 11.637901 12.93623 -1.945106 -24.917923 2.3051748 -19.853882 -6.1419353 17.718275 -2.0221763 8.0354185
C11H21NO4+H+ -24.958105 11.849437 6.1137547 11.926656 10.959693 5.2504683 -15.341453 -9.082668 3.1503496 12.780939 6.000638 12.5892 4.083191 -6.0058045 -2.0675383 -2.1446075 -15.388577 6.440889 -12.486628 0.5574246
C8H18NO2+ -10.218069 -8.695926 9.413669 1.9666102 -13.939263 6.2063017 11.115391 3.1431503 -2.142897 -6.863156 -14.792623 -19.350733 -41.462646 -40.725956 2.5586286 -4.9741926 8.671901 -5.2343793 -1.6977514 -6.085627
C28H46O4+K+ -0.6325169 -0.07886051 0.06603318 0.6930698 0.13197023 -0.093956165 0.6389217 1.4817892 -0.2263657 -0.2265673 0.2540027 -0.18314599 0.4373231 -0.56993115 0.09459529 -0.7113847 1.0456979 -0.5809062 1.2114117 0.1220237
C7H16NO3+ 8.788061 -19.751139 -6.1228476 -5.6140304 -25.082228 5.793899 8.84533 -20.327393 -2.135519 -3.8236117 -22.066496 -22.135223 -52.63948 -38.12273 4.5836024 2.055081 7.2126775 -4.545332 -13.435904 -15.296572
C9H12O4+ 6.177089 -12.644522 -0.93301153 -4.450428 -18.283054 8.614043 5.101643 -4.4309754 -0.565387 -7.7236314 -19.669529 -20.698126 -32.244022 -27.059547 3.2313943 -0.5826179 -3.5151753 -1.324997 -15.661806 -9.504966
C5H15NO4P+ -3.6657338 -13.18277 -5.31076 5.613382 -19.480688 24.261889 -8.124612 -0.8848393 9.078279 -10.547435 -42.734734 -30.056238 -40.22939 -39.28596 3.027192 0.93349934 5.793133 -8.014138 -9.940016 -15.096917
C24H51NO7P+ 3.9810572 -8.883869 -2.9126263 -4.5684004 -12.171267 3.9919918 0.7766531 -15.750754 1.7509048 -0.98612016 -18.05013 -12.460671 -33.920982 -21.083515 2.0382493 5.086892 19.94738 -9.761926 5.3232203 -11.30708
C12H18O6+ 6.9896145 -10.932449 -17.59536 6.015612 -8.43795 -2.8142588 8.355705 -7.2962685 -3.2580655 1.687489 -2.8907673 -3.1630132 3.215705 2.7362447 3.8953836 -3.3895173 6.73267 -4.3871202 0.7190892 -5.17715
C21H41NO4+H+ -28.668175 2.9654799 -3.258072 18.636053 11.12176 12.160533 -15.147789 -4.8404484 11.310875 12.044925 -6.563408 8.492497 -8.456919 -20.251177 -2.1991086 -3.4871528 -15.728472 17.568134 -8.342488 4.1461983
C14H16O6+ 5.76195 -11.772733 -11.41099 3.8381724 -13.516999 8.275316 1.5152048 -4.111007 -1.6601317 -3.9063783 -11.939459 -12.7109375 -4.3600984 -8.324888 4.259017 -5.1313877 -18.51143 7.402372 -24.406658 -5.314469
C15H15NO3+Na+ 7.33836 -10.486515 -11.674655 2.263359 -11.315843 7.1339946 -0.305596 -5.090482 1.5135381 -2.7569916 -14.217766 -10.728733 -6.929342 -7.371306 3.1168056 -1.3269572 -13.460619 4.9066772 -19.370039 -6.238034
C26H55NO7P+ 15.392247 -12.747711 -6.2916183 -13.775044 -18.30022 12.350434 -12.12248 -30.58741 11.909606 -1.9848735 -40.338684 -20.533 -61.024673 -30.979843 0.037817657 19.847425 13.500621 -5.827828 -8.788116 -19.934103
C21H28N6O4S+Na+ 0.73907596 -12.259524 1.2679735 -7.212599 -8.975179 16.198717 -9.664597 -0.5251425 5.233915 -2.5736644 -15.688011 -9.07068 -33.391167 -37.263737 1.1120887 -2.8782146 28.124493 -11.100713 13.875901 -11.605259
C26H53NO7P+ 9.556109 -11.17736 -7.972403 -2.363377 -13.475923 2.6998308 4.7683764 -9.579553 -2.0120757 -3.0915258 -11.260323 -11.844491 -15.05784 -9.20818 3.519548 0.06346458 0.6020935 -1.0423589 -8.396633 -7.2176156
C9H9NO3+H+ 12.463601 -17.42637 -8.427766 -3.1780975 -19.756084 -1.2474614 16.984886 -5.702919 -5.413491 -7.9920077 -11.988483 -18.225758 -22.326153 -17.521355 5.306939 -4.6246424 10.609282 -5.9938865 -1.2439293 -7.631723
C6H15N4O2+ 10.052311 -12.114739 -11.016277 -3.441402 -11.348045 -10.020586 12.681405 -23.535915 -5.4260902 6.12909 1.9655726 -0.64791536 -19.44363 -5.4818306 3.0166445 3.112355 0.5782623 2.2637513 -9.0106 -6.284431
C25H45NO4+H+ -11.72413 -0.2398568 6.21023 6.6808896 6.7910085 9.780073 -1.1408113 13.380284 16.256435 -5.3593187 -21.691168 -7.5658107 -21.90132 -22.065847 -3.8964915 2.5223749 -27.38916 30.170362 -13.581403 12.984396
C15H14O11+ 13.801617 -6.9240904 -9.84978 -4.397402 -7.1855974 3.5822585 -2.4726863 -5.2514424 3.9531634 -3.9156663 -15.0345955 -8.030053 -6.055428 1.8472308 1.1146761 5.69493 10.569913 -5.5811715 4.2486176 -6.5193477
C4H7N3O+Na+ 47.38567 -18.243015 -2.3428648 -29.206549 -15.800838 -2.9074593 12.362689 16.681541 5.154036 -19.98717 -20.204983 -20.92526 -28.378069 -1.505208 -2.283187 18.2628 8.867198 0.031361 3.3837237 -4.9247403
C28H48NO7P+H+ -26.714748 12.924092 3.230318 16.698675 13.167119 3.4690576 -10.899861 -4.8582225 9.650649 8.197523 -7.865352 6.356304 -2.9210331 -3.688333 -3.8632314 5.165239 0.26100844 0.6892294 6.242065 2.5840094
C6H6N2O+H+ -2.7063746 4.030995 7.242602 -1.4932876 6.2118936 3.165292 -4.376518 1.004491 24.755129 -7.3883877 -43.68003 -14.799621 -50.627464 -19.633621 -7.698614 27.552135 14.754152 0.91614646 14.780516 -1.7232016
C17H12O5+ -7.171884 13.472968 13.966089 -1.8445559 10.67445 9.278649 -15.655648 14.617034 8.775106 -4.391884 -6.527243 0.7275127 7.807131 4.0772624 -4.7378364 4.8259015 -7.6650085 2.557888 0.017230026 4.5707636
C27H44NO7P+H+ -15.7794695 9.385799 12.924591 2.7567477 6.7896347 -0.5142508 -4.6686187 -1.2834527 6.1905284 4.2323933 -4.729274 2.777357 -19.11741 -13.299483 -3.7431374 7.2641325 8.273053 -5.7378693 6.244385 -2.7231104
C12H20N2O7+H+ 9.412943 -12.380148 23.308752 -29.580551 -28.39475 17.930904 -13.201314 -41.623898 16.472801 -4.460305 -51.250153 -32.466858 -119.733665 -69.13676 -4.4240932 33.001774 -39.81999 22.018303 -65.69338 -21.690645
C28H28O6+Na+ 12.962828 -3.80792 4.571183 -7.9539013 -7.9597063 -10.844443 14.181552 -3.3081229 7.6095223 -9.357628 -25.174122 -17.694061 -50.01115 -17.517246 -3.1160688 22.130333 8.909143 -4.918328 -3.0224528 -9.264729
C24H31ClO8+H+ 4.4973264 -3.1713798 -1.475214 -1.0529345 -2.0815282 3.7256474 -4.3009768 3.6505582 18.80549 -5.9114814 -37.553696 -14.887351 -46.802685 -24.569586 -4.4212856 21.393536 26.232525 -14.250541 12.9987955 -14.801118
C13H15N3O2+Na+ -1.4180741 -1.93773 -3.6941776 7.153029 0.3404065 1.8413131 6.5736403 19.76502 -2.7319822 -7.269626 0.009165546 -5.148118 24.130243 6.560667 2.8180664 -12.728835 12.9944935 -7.392381 17.570347 4.282449
C12H16N2O5+ 9.23727 -2.057811 -7.0253754 2.3314826 -0.117338456 4.1743984 1.7263104 21.30857 2.0100799 -10.445289 -7.2059197 -6.5489783 22.401655 12.637919 0.98885274 -4.2748833 6.0667386 -5.1718946 10.977649 3.0572026
C11H18O11+Na+ 18.17786 -9.09073 0.9519579 -17.627274 -7.6772113 7.278417 -6.6332855 -9.116047 15.458519 -5.6565356 -28.844234 -11.263061 -48.716995 -24.726637 -3.2205148 16.76018 7.894882 8.158748 0.9359683 -4.77602
C14H17N5O8+H+ 25.074251 -5.038014 7.011342 -19.853132 -0.6023826 -14.715198 18.994438 15.016686 0.65568024 -11.382557 2.9309423 -3.346281 -13.734205 4.449309 -2.7540395 8.905521 13.107846 1.3722262 16.911543 6.513336
C7H19N3+H+ 7.9444346 14.68564 26.055948 -22.748785 3.5314949 -6.9478045 -4.490579 -9.137664 -1.2607788 -2.1907623 7.7099366 3.4427989 -14.279667 8.600649 -5.4612727 16.378677 -12.380323 4.836581 -10.810263 3.8747308
C10H15N3O5+Na+ -3.335903 13.798375 20.483946 -6.7435026 11.155136 9.602502 -10.58695 31.228931 7.33208 -12.174325 -4.711955 -2.3831277 11.212804 4.4893 -4.8437634 1.708819 8.543004 -4.599212 19.258802 8.8034315
C26H44O8+H+ -0.6579632 -0.080800116 0.029059915 0.7972472 0.18364218 -0.123212434 0.715197 1.617205 -0.2407659 -0.26976386 0.33299905 -0.14898556 0.5764056 -0.5726046 0.1016036 -0.7802132 1.0897235 -0.62938386 1.3073654 0.15371388
C5H4N4O+H+ 38.38407 3.2235537 10.989615 -22.898767 7.9619904 -6.531795 8.40377 54.66508 30.112438 -35.69461 -51.96476 -27.679968 -39.72266 3.2287276 -12.707511 41.75458 56.6463 -26.968306 56.82611 -3.8460665
C32H48O7+ -5.4246345 8.141306 13.793084 -0.45982915 5.939444 7.28575 -3.7751791 26.685802 2.6255286 -9.719322 -0.9079129 -3.3847644 12.4061165 -0.18890077 -1.7685428 -5.187359 -1.358403 -1.695378 6.88208 6.730162
C18H30O+H+ -0.81267387 -0.03588538 0.018283742 0.969746 0.26332167 -0.23169443 0.77996624 1.7728012 -0.2406021 -0.18424371 0.4845562 -0.08722778 0.862546 -0.38428265 0.124106154 -0.83521384 1.0544047 -0.6486851 1.3376956 0.19040239
C17H13NO3+H+ -0.7249175 -0.06693758 0.07159374 0.69817656 0.1809499 0.017321667 0.44984546 1.2671021 -0.20152672 -0.093549214 0.44206038 0.012118037 0.51420903 -0.6070511 0.10220411 -0.7685958 0.97931165 -0.5285215 1.1207131 0.08703293
C28H51NO7P+ -2.9795635 4.8566294 10.253034 -1.2842147 2.29203 6.106189 -2.3559942 18.550732 2.219271 -8.46039 -5.2324944 -5.9400034 3.280576 -3.2147965 -1.118092 -2.3374124 4.7843876 -4.345324 7.4589114 2.4308066
C14H26N4O11P2+H+ 32.477013 -30.678673 -25.509314 -13.969199 -32.617428 4.113737 5.749451 -41.23583 3.2294595 -1.7090839 -34.320652 -23.513132 -56.951557 -26.232038 5.590359 13.134775 1.048826 2.204029 -24.932417 -21.472816
C23H46NO7P+H+ -3.0423093 11.987427 9.493769 -16.17318 6.0122957 -12.765098 -17.7069 -56.76452 2.467994 26.000027 14.2954855 25.070484 -32.69287 3.918525 -6.657491 26.60418 2.5445292 -4.4752426 -10.126417 -12.59095
C23H44NO7P+H+ -14.736853 3.210539 -3.0086017 1.2860221 -0.047346525 16.941132 -26.63478 -34.65535 -1.3935087 16.54268 9.667434 15.026576 11.99137 -0.35141033 1.4955388 -9.041824 -20.57967 11.873504 -21.950388 -0.8876185
C25H36O3+H+ -0.6640384 -0.046477646 0.04978338 0.6278214 0.17778325 -0.00075939205 0.39686555 1.1700084 -0.25630188 -0.01453169 0.54324704 0.065126784 0.5884327 -0.54357845 0.12788202 -0.73591954 0.8709709 -0.5192969 0.99346584 0.06696571
C15H15NO3+H+ -0.79680985 -0.02860824 0.0692895 0.8056047 0.22506225 -0.04445486 0.5194065 1.5161505 -0.24583483 -0.09805527 0.5180077 -0.010713189 0.6391045 -0.6416165 0.10529195 -0.83939195 1.0921773 -0.616908 1.2807907 0.1259457
C10H13N4O8P+H+ 35.94665 -20.34612 -25.43518 -4.352287 3.2973466 4.976177 3.2457457 45.499733 32.373917 -21.589437 -50.44944 -19.098211 -28.705862 -11.047893 -6.4204335 22.760628 39.61958 -7.1830854 36.69503 -8.105161
C34H48O7+ -21.032063 34.201748 34.549183 -1.527294 36.46508 -16.419506 1.1101781 40.22825 -3.516619 0.6061877 42.510586 30.051397 47.56294 32.72919 -8.7133 -3.9954503 28.629702 -14.219295 54.972477 23.900095
C11H21NO5+H+ -0.7251258 -0.04436121 0.029622052 0.69485235 0.22279173 -0.008984588 0.35345387 1.1399041 -0.20501228 -0.013564454 0.50682604 0.11180464 0.5797721 -0.46869117 0.11285602 -0.7306844 0.8509227 -0.49582925 1.0062773 0.09949419
C6H12O6+Na+ -0.41822594 -0.13055345 0.11276815 0.51570725 0.0085736355 -0.042142317 0.59253174 1.3236246 -0.15299182 -0.32597458 0.017929243 -0.33688515 0.067690775 -0.6819345 0.102648675 -0.5438957 1.0212034 -0.50663835 1.1127166 0.11766455
C10H14N5O5+ 31.85391 -28.319963 -11.351356 -18.389713 -31.475424 0.97151434 17.416998 -19.407824 -1.0458994 -11.320322 -27.918736 -28.108986 -57.65675 -29.96763 4.9415812 8.709558 7.1173387 0.995386 -13.820858 -13.919851
C10H13N5O5+H+ 28.645628 -26.631193 -7.671367 -18.86271 -31.448275 5.4027324 11.557182 -21.833324 2.309526 -10.988739 -33.950638 -30.100584 -63.880157 -35.239883 3.9905438 11.153553 0.15514472 3.910911 -22.057644 -15.928243
C11H19NO6+H+ -0.7521655 -0.0044801403 -0.023691146 0.7759957 0.23923354 -0.12982187 0.44342905 1.2353181 -0.25897858 -0.007647281 0.5824677 0.14228211 0.81244594 -0.3497726 0.09007703 -0.7616367 0.80158937 -0.53039366 1.0101701 0.14294517
C23H43NO4+H+ -36.071957 -0.9840559 0.14163968 20.643206 1.0363399 27.404654 -21.44305 -5.8156953 11.841264 7.538806 -19.453047 -3.5724232 -18.646055 -39.15345 -0.10971583 -10.431531 -16.43441 13.710886 -14.478325 -0.51757914
C37H66O4+H+ -37.020718 -6.4481883 11.045989 -0.27129367 9.785103 17.699615 -5.065672 -4.8156447 -12.504779 15.503023 35.161747 23.431047 -13.099324 -58.972607 6.175933 -44.94106 68.99866 4.498337 77.077835 20.695423
C8H14N3O7P+H+ 11.905056 0.00060804747 3.0834255 -6.076265 3.8971848 -11.578838 18.379623 25.88649 -7.545395 -10.303847 15.37636 1.6189232 25.783834 18.04856 1.1517352 -8.800346 21.862803 -7.768068 30.965092 11.121868
C10H13N4O8P+Na+ 6.6172185 -20.992632 -21.762518 6.8467474 9.943918 11.518011 2.965105 44.415726 19.248539 -9.465486 -20.250004 -2.7424972 -17.008938 -36.459053 -0.9914335 -9.817092 58.217632 -0.7576514 61.7738 3.732821
C12H20N2O3+H+ -0.36287045 -0.108269446 0.11005247 0.3928767 0.0037802418 0.013341131 0.50448 1.1327682 -0.1390102 -0.27321115 0.04768956 -0.29368168 0.005098382 -0.5875305 0.06400557 -0.43873763 0.8963181 -0.45317873 0.96357155 0.10297901
C10H13N5O5+Na+ 37.756203 -33.078712 -11.081713 -26.201149 -40.834972 8.194494 7.9672966 -39.354977 6.0774713 -10.001208 -46.933537 -36.85243 -88.81275 -45.09556 3.8350708 20.926613 -10.859432 9.237437 -40.98116 -23.417004
C14H10O8+H+ 26.907297 5.6141634 15.638075 -23.075499 5.433552 -0.67168814 -4.137083 38.705364 20.59311 -22.742119 -34.48284 -17.64052 -32.99414 -4.9016485 -9.3435545 30.895597 50.645596 -30.839893 43.572052 -11.171483
C5H11NO2+H+ -0.5824475 -0.17435154 0.15542658 0.6311164 0.050703183 -0.00015215264 0.68554395 1.59517 -0.17755942 -0.3589183 0.10761085 -0.3147504 0.16373082 -0.84658587 0.1161562 -0.70524436 1.2563345 -0.64635926 1.3607997 0.13859475
C9H17NO8+H+ -7.7401648 10.20035 2.3176954 10.965051 18.405172 -9.04893 13.740133 45.8661 -5.9138284 -8.046896 22.466312 11.712912 54.259266 28.097982 0.19252196 -16.964626 54.08151 -25.922104 69.64127 15.085568
C10H17N2O5+Na+ -9.190674 13.3966875 7.062933 7.675696 20.955502 -12.603486 12.534334 39.05201 -5.426253 -5.792656 24.384996 13.715434 46.071903 23.066399 -1.3451546 -14.495055 49.751484 -23.106012 66.479576 16.335249
C34H50O7+ -30.961533 42.32368 33.69988 9.437888 45.244007 0.2628535 -15.610752 64.13021 5.052611 -6.6664343 30.786417 26.513699 73.9011 38.20117 -10.226925 -9.939023 25.819256 -16.124577 60.863075 27.835384
C10H15N3O5+H+ 22.24067 -17.570923 -18.376017 -2.9804187 -16.207363 6.4741225 7.734767 7.3480597 0.08261675 -13.372305 -20.49576 -19.03232 -0.78614515 -1.5142273 5.28644 -4.0659432 29.35634 -15.787057 19.35035 -8.006403
C7H7NO2+H+ -0.41445106 -0.17198895 0.15169065 0.48777145 -0.025759745 0.03298866 0.63166904 1.3481852 -0.14808977 -0.37555 0.022048634 -0.38293824 0.031117778 -0.75577855 0.07994601 -0.56099236 1.0833899 -0.5153668 1.1800418 0.09422028
C10H19NO4+H+ -0.66347116 -0.09112772 0.059333146 0.6195858 0.1408132 -0.0024243982 0.3996712 1.1586556 -0.2776281 -0.03464051 0.5640645 0.08832378 0.5623099 -0.6076969 0.10996171 -0.7814798 0.934301 -0.5042595 1.0375711 0.09452973
C35H66O4+H+ -19.70872 -5.1633263 -0.08327012 -4.4221487 9.087347 16.229015 -16.577614 -17.143238 -11.811754 19.619259 39.031788 29.65512 12.969486 -26.17903 5.3114195 -35.61174 30.998854 14.459832 39.41895 16.113575
C12H23NO4+H+ -0.63606936 -0.10861259 0.059190042 0.5295112 0.1400157 0.06576847 0.31721213 1.055152 -0.20472674 -0.004546132 0.4368136 0.07702489 0.42582583 -0.58673674 0.08839773 -0.6956429 0.8716652 -0.47644877 0.9609461 0.07676931
C9H20N2O2+H+ -0.38172677 -0.017646732 0.038600937 0.36064956 0.06384953 0.015400663 0.20776586 0.6853998 -0.08963946 -0.03279165 0.20448126 0.0019919937 0.24087247 -0.39424616 0.06895829 -0.38877317 0.5634889 -0.29501173 0.59586966 0.045493636
C17H26O4+Na+ -0.25378478 -0.119495 0.109192275 0.28601584 -0.058411386 0.00034471985 0.5029755 1.0015794 -0.06367125 -0.34930098 -0.10323986 -0.35561392 -0.053905133 -0.5027319 0.06492761 -0.36654016 0.74717623 -0.36690018 0.84978205 0.06777385
C19H22N2O+Na+ -4.4414515 -8.423168 7.993067 1.4891862 -15.379278 20.142359 0.21365671 19.221384 3.8533998 -18.009035 -31.968676 -30.323563 -30.596304 -37.442467 2.6963391 -5.9469576 18.163906 -13.810833 7.4306874 -8.251184
C18H23NO4+ -3.3552012 -8.574061 7.4455256 1.1004555 -16.190664 20.374474 0.3940008 19.394632 3.7406428 -18.473133 -32.317486 -30.940735 -30.02898 -36.75956 2.858562 -5.984096 16.364025 -13.190889 5.5300813 -8.365493
C14H20N6O5S+H+ -12.4831915 21.313473 21.064793 -7.01173 16.003908 6.6940556 -25.839657 0.4201818 15.823822 2.9786737 -12.573687 6.941419 -17.65731 -4.44497 -9.001372 20.240946 24.807716 -17.168913 22.05591 -6.281745
C29H45NO4+Na+ -45.390285 29.607746 40.510696 6.3774514 5.2324367 0.038167078 -15.654476 -26.425848 0.75550556 14.085222 -1.5321059 3.4900541 -39.129898 -23.300024 -6.3438845 15.963274 -10.55447 -18.567402 -25.230959 -14.976234
C10H9NO+H+ 1.5655003 -8.850247 23.359514 -21.989973 -23.522865 6.255325 5.3108106 -21.411076 -0.51688224 -6.5454626 -24.152445 -24.511452 -82.86351 -53.87117 0.3226263 11.785184 24.013252 -14.886177 -0.9296999 -17.151175
C21H20O7+H+ -2.112107 14.940185 17.26548 -9.234415 8.576173 1.1316178 -14.2081 1.3742098 15.257809 -3.3129706 -20.966902 -2.9808114 -29.616203 -5.4423084 -8.537103 25.684437 26.843756 -19.901794 19.83255 -9.2303705
C14H29NaO4S+H+ -0.121574126 -0.12805523 0.11027573 0.19441566 -0.104766354 -0.036467846 0.48768893 0.87243134 -0.030658191 -0.3530335 -0.18417256 -0.38923058 -0.187592 -0.4676154 0.04229935 -0.2608274 0.64254117 -0.3209376 0.6993477 0.08498657
C11H15N2O8P+H+ -1.0361545 -4.858467 -12.939536 3.3956435 5.476481 6.8371515 -8.631249 -8.039641 7.7576 5.2376328 -5.910943 6.0748806 -4.3614106 -7.818788 -0.53684676 -1.3371655 5.945395 13.56699 11.772404 6.3529496
C19H24O4+H+ -0.073338576 -0.13565552 0.08047565 0.17746812 -0.07446211 -0.032359995 0.46262148 0.7745368 -0.056337707 -0.3589565 -0.21675973 -0.40055296 -0.17578334 -0.43528888 0.062399916 -0.18956247 0.61572284 -0.27988893 0.65436906 0.057489753
C27H44O7+ 7.3148365 4.9540133 12.239738 -19.364408 3.873306 -30.261372 15.234011 -35.609924 -10.490752 16.487848 32.665283 21.833914 -23.125216 8.109442 -3.0390432 13.759042 -2.2182307 7.2276278 -4.7811146 2.4646397
C27H30O11+Na+ 7.0098047 13.32237 -0.49625129 -2.1044788 15.459539 -7.1756573 -8.668714 1.172649 12.173182 0.94636256 -5.4772186 9.091819 14.5234785 30.439365 -6.711219 19.261723 -9.92026 6.59945 1.3603911 6.3082523
C37H47NO4+H+ -13.453779 5.444105 10.606478 9.605386 5.5013328 -6.101616 16.701044 8.17864 13.584522 -9.613866 -27.893717 -15.817747 -36.81744 -16.528305 -5.0407596 14.071193 -15.309602 20.580149 -1.2120422 15.172333
C24H48NO7P+Na+ -32.447575 12.989098 20.42503 3.5853586 -6.125477 9.3348875 -19.172985 -35.624054 -10.479886 17.693079 12.9862995 7.4505243 -15.339633 -21.275438 1.5875975 -5.12598 -6.9040213 -14.335889 -24.563154 -15.699459
C26H56NO6P+H+ 59.985146 -14.201921 -29.561153 -20.941828 -9.974749 4.920623 -8.942166 3.950868 20.477213 -20.367722 -44.328003 -19.85136 6.751803 39.299015 -2.7649605 29.643795 0.038908385 0.1222048 -2.8011777 -7.8600807
C25H50NO7P+H+ -1.2951741 -2.0372717 11.860478 -13.1857605 -5.079573 -24.341053 18.565895 -39.13742 -12.455626 16.426844 24.970825 12.599203 -42.352917 -15.452312 -0.26914862 7.9642634 -6.1764007 8.287456 -15.530678 -2.4302425
C6H8N2O2+H+ -16.177423 -22.931128 -23.827675 22.991806 -17.314007 15.333952 10.135107 -6.757735 -8.239987 1.6668019 -7.4287977 -12.174189 -3.5694666 -33.637558 10.877354 -30.52575 9.530489 2.8387177 2.9916327 -1.4994804
C16H12O9+H+ -0.05912599 -0.02587354 -0.0058773016 0.060052957 -0.0009271859 -0.0037778122 0.007906782 0.07955866 -0.014985084 -0.020777335 0.031328853 -0.015773062 0.018468477 -0.09712046 0.00077615614 -0.06106873 0.09452731 -0.047500398 0.11132409 -0.009489564
C26H52NO7P+Na+ 14.457687 -2.9409025 3.1336353 -17.55261 -6.8356986 0.24976303 -8.199143 -27.308723 7.2457933 3.106991 -14.646608 -3.89298 -37.925396 -9.035717 -2.733347 19.832018 -14.397741 10.980201 -22.983013 -7.4222884
C19H37NO4+H+ -17.817234 6.242848 8.654935 10.049988 6.843706 4.144067 -1.0945266 10.535835 7.401328 -1.497051 -9.652629 -3.3804417 -9.30153 -11.871511 -2.7433403 1.1798116 -11.68255 8.292867 -4.5621943 5.4875817
C12H22O11+Na+ -2.6810021 0.99201715 3.215379 -0.047307547 0.21392 1.7755584 -0.57295036 2.8821986 1.4258633 -1.6361239 -3.6415148 -2.3601768 -5.8700027 -5.624203 -0.55768645 0.6187219 7.5876656 -3.8838022 6.6528063 -0.69891495
C6H6N2O2+H+ -6.8129745 -19.836266 -25.236938 18.094563 -11.118434 15.308578 3.5212915 -0.19784524 -1.0532424 -0.6488717 -11.739465 -9.594105 2.5006542 -21.639011 7.5549273 -21.616497 7.0298405 5.9125113 5.155179 0.3114891
C31H33N3O7S+H+ 3.7601547 0.9675313 10.053264 -10.694155 -2.2404387 8.72069 -7.2765307 3.6270237 5.960756 -6.5633407 -13.101733 -7.787409 -18.299898 -12.1068325 -2.0207675 5.449971 9.910437 -3.0291688 7.570597 -1.482894
C26H48NO7P+H+ 4.965592 -3.888 3.331972 -6.8897295 -9.838639 24.45831 -20.485332 1.06819 15.999026 -10.903319 -41.1214 -22.115257 -33.36739 -24.159554 -1.9490688 11.811416 -0.6920256 -2.1880107 -10.547002 -11.388015
C30H46O7+ 5.265852 -4.3554506 2.6763294 -6.7297416 -10.221055 24.576426 -20.355532 0.84321874 15.869321 -10.900367 -41.356037 -22.365028 -33.27436 -24.146255 -1.8062267 11.688393 -0.603687 -2.301764 -10.664729 -11.591909
C26H45NO7S+Na+ -1.7762532 1.303617 12.052643 -7.703042 -3.6699607 8.395069 -5.558163 3.5148103 6.2219615 -6.5358377 -17.131384 -10.756088 -28.691183 -20.803774 -2.0584323 6.54881 23.952147 -13.335303 16.419832 -6.168797
C28H56NO7P+H+ 9.64893 -2.680696 13.753658 -24.24668 -6.2629256 -25.988916 15.887224 -46.114258 -9.524664 15.862645 21.822132 12.77754 -52.558926 -13.143935 -1.9497728 16.706707 -4.2547107 9.503179 -15.573323 -4.0385585
C32H49NO5+Na+ -11.324718 15.35261 18.244791 -2.6425037 6.411386 0.8855376 -10.591008 -3.0328274 8.429447 -0.09996195 -12.308956 -1.7844957 -21.893217 -6.1069574 -6.070642 17.05609 10.5606985 -13.44179 6.040527 -5.9776287
C24H34O2+H+ -0.02998385 -1.0627342 -1.269908 1.8226178 -0.36776632 5.736624 -1.7830893 6.9021816 1.0653892 -3.7223475 -3.3288457 -3.308396 8.422964 1.3809128 0.76402146 -4.492987 -10.275597 6.914556 -5.348645 4.240201
C13H24N4O3S+H+ -16.074919 -7.660828 3.804723 12.543439 -9.7968 1.4266474 19.640491 16.662115 -10.860033 -6.846457 2.067324 -13.102324 -9.542543 -27.52615 5.447035 -19.621794 22.382612 -14.545645 17.351955 -0.84932667
C34H34N4O4+H+ -3.4117243 3.1986055 -4.459535 3.5479696 9.54456 5.292062 -10.937492 7.6527677 7.139767 2.4208605 -2.62561 6.918648 10.009643 3.003735 -1.8360813 0.31542712 16.190338 -3.8574367 20.495577 1.3701085
C27H54NO7P+H+ -0.058912244 -0.022765959 0.022754544 0.026517026 0.029969383 0.013032997 0.028807718 0.09742568 0.009192811 0.009091362 0.014819061 -0.0064453767 0.020318288 -0.057026416 -0.011307763 -0.051075317 0.04761892 -0.025131462 0.09429216 0.025328215
C24H50NO6P+H+ 1.5237786 7.7896476 6.0312243 -1.1562212 5.166022 -8.887902 2.7929187 3.0976832 1.2106092 -0.28974488 2.1267765 2.418717 2.9187632 12.139805 -2.6818485 8.943512 -7.6843286 -0.785031 -5.2796254 0.6188182
C20H16O7+H+ -0.8057557 -8.957598 -6.567047 4.998039 -8.864509 7.3798103 4.314489 3.8992069 -4.1017175 -4.267218 -3.7814238 -8.555787 3.1408558 -9.38508 4.37882 -12.277262 -0.6396617 0.67947596 -2.494488 -0.22152476
C31H42O9+H+ -4.6086974 1.5359851 0.5813881 0.82201487 -0.957536 4.8271914 -6.332311 -8.644573 0.37505004 2.5783226 -1.0322411 1.0469354 0.36946595 -1.126691 0.12535116 -0.95452124 -6.420868 2.244024 -7.3166685 -0.6158335
C25H31N3O4+H+ 0.028584164 -0.061918553 0.08242497 0.09251592 -0.052825123 -0.080109775 0.39811188 0.5390078 -0.0014027442 -0.29495147 -0.29306823 -0.35119602 -0.17011745 -0.16158669 0.018000107 -0.028600931 0.34721226 -0.15696678 0.41516125 0.050382912
C15H10O5+H+ -6.119165 -0.16728964 -8.51916 12.370743 1.3563937 3.2540627 -1.3651532 3.3727276 0.02315306 0.9492279 0.13658342 0.68554616 21.22838 9.024181 1.5907589 -7.1457663 -23.246609 8.721407 -18.71381 2.4301643
C24H51NO7P+H+ 1.8423264 -2.2246356 -2.9080956 -0.188667 -1.2423975 -0.5386744 1.0245206 -4.873762 -0.96259373 1.4796972 1.8762319 1.060952 1.4197434 1.7578884 0.6481167 -1.1122916 -10.832682 7.6533923 -9.375591 1.8569646
C16H18N6O5+Na+ -0.06918813 0.004618264 0.036492843 0.06615166 0.0043007093 0.020906534 -0.005786518 0.11622337 -0.028766027 0.016230406 0.017007465 -0.023962634 -0.016797483 -0.0630598 0.008017956 -0.038417574 0.1104955 -0.06841535 0.088882856 -0.010860678
C32H66NO7P+H+ -0.0022101845 -0.016232902 0.02644555 7.4649455e-05 -0.015667334 -0.004985333 0.03616173 0.10176113 -0.0007183829 -0.059446216 -0.046860266 -0.043139458 -0.042765416 -0.053902455 -0.016526876 -0.03869967 0.08106908 -0.023271732 0.048574813 0.0269218
C24H29NO9+H+ -0.087855354 -0.007283592 0.031306952 0.069165386 0.04206512 0.012546183 0.004663423 0.09955444 -0.012276165 0.015272912 0.010708883 0.00028705466 0.009665003 -0.1068841 -0.017149683 -0.067995414 0.086240254 -0.052559756 0.09294631 0.010316337
C18H33NO+Na+ 12.768093 -3.500664 -3.3391695 -3.3717053 -1.7733142 -1.7486893 6.4355564 9.585715 -2.2695148 -6.4636188 2.649921 -3.2577343 17.398077 14.479113 1.3947382 -3.4428463 -27.619112 17.125053 -18.449135 8.572354
C15H23N5O3+H+ -0.107233405 -0.016576651 0.010952114 0.036778424 0.016405625 0.0042779725 -0.009039847 0.12506956 0.012422389 -0.026712561 0.041009832 -0.015773395 -0.004191029 -0.09367907 0.021643264 -0.06466325 0.1166015 -0.047789384 0.091653116 0.0055008363
C15H10O4+H+ -8.7197695 -2.6232247 -15.1531925 16.979235 2.9474797 4.1367793 -1.6716961 1.5701083 0.33532575 3.8269215 1.9800348 4.1978445 26.605236 9.138227 2.447187 -11.26437 -20.368654 10.321761 -14.784697 3.5829377
C12H22N4O5+H+ -0.037971485 0.005911575 0.018689113 0.047839794 -0.0061709173 0.009705635 -0.004245389 0.071840174 -0.018520791 -0.024045628 0.016006563 0.005250557 -0.0015497693 -0.024561482 0.019516582 -0.029031731 0.031980917 -0.018546814 0.06263651 0.004271169
C21H26O4+H+ 7.462822 -1.5591598 -1.0941741 -3.1639519 -0.60769236 -0.0793364 1.7858752 5.5243654 -0.7472035 -3.5677953 1.0896841 -1.5436486 8.473906 7.1628437 0.5142538 -1.1991198 -11.897949 7.9346933 -7.3375273 4.1217213
C25H30N3+ 5.0062866 -2.6853294 -5.0572987 -2.194653 -2.6882837 0.44437522 -3.3713415 -11.340747 1.6851279 2.8865952 -3.7258868 0.2790892 -5.3089323 1.1150928 0.094285205 4.5307293 -7.529222 4.475766 -10.425448 -3.13556
C19H19NO3+H+ 0.49404636 -0.09262211 -1.0738848 0.06575241 0.9255481 0.15518525 -0.954999 0.31286186 0.10765862 0.6561181 1.4749719 1.5289831 2.723609 1.5563802 -0.041666247 -0.56384444 -0.64308894 0.915237 0.095550634 0.45850322
C16H28O8+H+ -0.683178 0.61496156 1.5862997 -0.4022221 0.51346415 -1.9464953 1.7735374 -0.43777436 -0.34028798 0.34515035 0.9562148 0.383511 -2.7343283 -0.9508954 -0.27678737 0.8934237 0.9189235 0.076072395 1.1312926 0.50961095
C30H26O9+H+ -0.029115703 -0.017264904 0.016802946 -0.015968889 -0.009790755 0.007603252 0.012380079 0.0026460811 -0.0037591802 0.017499031 0.01662602 -0.01836757 0.001705896 -0.026444016 -0.007990949 -0.026591778 0.013638779 -0.017376376 0.030159771 0.025041308
C15H27NO2Si2+H+ -0.7502748 -0.67971486 -2.38144 2.2741094 0.13148423 0.44064698 0.07724842 0.26140687 -0.18051164 0.44801584 0.56211036 0.49728703 4.1565957 1.5613493 0.4369255 -1.795748 -3.8628063 1.7416823 -3.1825106 0.4265289
C24H30F2O6+Na+ 0.0032629448 -0.021604633 0.00850229 0.019792615 -0.0029978722 0.018168598 0.006980315 -0.00873496 -0.0045441547 0.0063234544 0.00075442385 0.010102008 -0.004414131 -0.004803667 0.005439319 -0.008459572 -0.017243903 -0.018590437 -0.011530978 -0.014388429
C15H29NO5+H+ 0.023054495 0.012103044 0.009828626 0.008758698 0.003941809 -0.0047314605 0.011061289 0.0019110774 -0.020311128 -0.016539564 -0.010951549 0.008134213 -0.024874382 0.016497215 0.011996593 -0.0064932955 -0.014279953 0.0010178295 -0.02251512 -0.011617799
C16H33NO3+H+ -0.033645727 -0.054441318 -0.031167671 0.0958799 -0.043972824 -0.0067593325 0.10074258 0.17511982 -0.07252978 -0.040073093 -0.002122079 -0.070811674 0.057761334 -0.09003432 0.03196883 -0.11531001 0.054280136 -0.024994656 0.10890968 0.031169182
